0.384995
-3.416134
4.991138
0.518410
4.206782
4.838253
-2.315775
7.502197
2.885069
-4.439359
0.585613
-5.754516
-3.923044
2.038428
5.646000
-8.029228
-1.139156
1.409315
0.453487
1.345359
-0.328969
3.499303
0.322475
-0.805754
-3.437282
-5.154610
-4.386038
1.920134
-2.521304
0.014877
2.296349
1.899421
7.622293
-2.028326
11.883436
1.722208
-5.237420
-1.401648
2.316424
5.473096
-2.034513
1.805139
1.598311
3.866583
-4.710646
9.152126
-4.555702
4.317070
-0.974558
0.630614
3.382185
-2.429808
-1.549431
3.002601
8.730873
1.543945
-4.013184
2.994488
-3.215330
2.485732
-3.474996
-2.148865
0.937948
2.348619
-1.507709
-0.910637
0.787235
-0.317693
1.560278
7.016550
-8.787678
4.547793
2.349865
-0.088163
6.926309
1.120581
4.921853
-3.734776
-5.446804
3.118768
-6.565660
0.733112
2.956984
-3.176654
-4.965073
-3.304231
4.405071
-2.627457
4.735614
-4.215014
3.761558
0.126930
-1.465278
6.399274
-1.648154
10.549718
-5.516011
-3.097419
-3.572967
-4.261195
-0.342024
1.436248
0.460120
10.283492
-4.007936
3.716336
0.376407
-0.563321
-3.501349
4.797223
5.798594
5.032267
6.399838
-2.316430
5.791581
1.894554
2.545425
-3.095293
-5.120331
-2.391565
3.798413
-2.764035
-6.293243
-4.232272
4.876600
-4.581428
9.614844
0.410416
3.712887
-6.530541
-9.301970
-2.709577
-1.267025
-5.876253
10.388618
4.334190
-5.746938
2.531034
0.187006
-2.965783
-1.643121
4.660921
-3.101527
-0.385535
0.821236
0.187108
-1.277920
-2.330218
-4.757676
2.144295
-2.820613
10.146139
-0.523189
2.890783
4.158255
-5.054974
4.341098
-0.805030
-8.376458
8.816914
0.384886
-0.947043
-0.626371
-3.595699
-0.794827
-7.726556
3.160816
6.327589
-1.362640
-2.415666
2.937504
0.662976
-4.106052
4.751019
-1.685619
3.334763
-1.728695
6.473106
2.918778
-2.877190
-4.503778
-2.815566
0.899466
6.960537
-2.681401
-7.172819
-4.559747
-4.362075
-2.588703
-9.461132
3.462240
-4.479088
-1.057516
-1.318444
1.871328
-7.143501
-7.734929
3.244643
-3.672585
4.763086
0.094458
-0.832170
-1.073898
3.106473
-3.049444
-6.034183
-0.535211
-1.894239
-3.527297
-3.892495
0.756876
-2.801172
-8.346180
6.330193
5.992564
-1.285764
5.783907
-0.257521
3.408351
3.282523
1.014294
0.749166
0.657938
2.633010
-2.691038
0.164454
-1.167675
-0.664903
-3.207621
-4.902459
-9.401287
-1.408415
-5.649243
-4.226772
5.551600
-3.707728
0.773244
-3.590785
1.430187
-2.269091
3.724631
-2.301897
1.337374
0.532446
4.413618
-5.225210
1.503162
-0.421066
-3.295375
-3.704023
0.348449
-1.140779
-0.411907
0.700765
-0.731064
-3.506872
4.868380
1.095352
2.211224
-3.784404
9.052068
-4.281161
7.104611
1.614283
0.869755
-0.147774
11.280898
2.068870
4.298242
10.424814
-1.052915
0.876957
0.025429
3.263701
5.833572
-3.669555
-2.560035
7.381188
7.036860
-2.871878
-3.306486
-0.551124
1.757547
-0.963381
4.194091
3.086763
-3.759165
-4.199893
-1.415222
-1.170950
3.901722
7.153794
-7.413434
-4.046663
1.169909
-1.288119
6.859953
-7.583176
1.049296
0.616568
-1.133960
3.512412
-0.108116
-6.001245
-4.924773
3.437599
-3.116969
-1.885487
0.563115
6.087986
2.820458
6.979630
-4.460098
-2.983216
-0.356755
0.670217
1.093189
2.080361
-2.753897
-2.928525
-5.638423
2.796248
0.652720
-5.032108
-3.116856
-8.702265
-2.972673
2.066079
6.651851
-4.313277
-1.440005
2.934366
5.281339
-1.307090
-0.388418
-5.701946
4.869925
9.617897
3.077869
6.308742
-9.445787
-4.747416
0.606056
0.233828
-6.558700
-5.241428
2.794844
3.690816
-6.125813
8.472559
1.086031
-5.390897
0.197474
-3.041354
3.636518
-3.140420
3.720962
5.107734
-1.621994
9.052278
-1.898341
-3.627529
2.599293
-2.437885
-0.526764
6.159809
-3.625910
-5.723648
-1.718096
-0.050905
-7.022133
-4.997961
-6.661989
2.893983
3.342654
2.004426
1.965798
3.338770
6.489942
2.177914
-2.796255
2.516957
4.432029
-3.939399
1.165673
0.907045
-7.255484
-0.022912
-2.958090
1.732032
0.952804
-5.875024
-6.713552
2.943719
0.978091
1.398363
-5.627365
-0.773793
7.025978
-4.423750
-3.072418
-0.236906
6.340566
-4.269063
0.109309
-1.883789
1.722353
0.962425
-3.401234
0.161768
6.344040
2.346912
0.336284
-2.960114
5.363927
-4.955601
-0.754829
-8.258757
-11.667786
1.235387
-1.125542
1.842730
-2.439888
3.109374
4.620346
-0.929283
4.127289
2.083761
3.065933
-1.770775
-0.082623
-6.057352
2.919520
3.879192
4.830264
-0.648664
-4.705193
-0.842321
-5.405949
-0.422477
-6.577106
-1.155734
0.654738
-3.757390
-4.065818
0.360454
2.263925
1.709997
-7.234631
5.619041
4.373612
5.369785
-1.480644
0.146728
-2.520670
-1.610028
4.216044
-4.539985
6.707388
-6.179241
0.656731
-2.359677
2.249475
5.355546
-5.648882
5.369190
2.395562
-1.113866
-3.471314
5.835577
4.503049
-2.341299
1.443893
-3.477835
5.776737
4.604008
0.675780
-2.256398
5.034724
-0.939005
-3.815133
-4.485261
-3.443689
4.392483
3.160355
-7.499373
1.283499
0.791870
-2.031848
1.526714
0.145485
0.463357
-1.734171
-3.135739
-4.916027
-1.069055
-2.471344
-6.183212
4.252260
0.369632
-0.776396
-6.716125
-0.901553
2.538819
2.194491
2.421563
1.209334
5.383506
-1.834022
6.264950
-0.143278
5.902194
-0.862735
1.335337
0.445509
-0.395719
1.461053
-3.886275
0.030796
-3.160842
9.343740
3.827112
-5.080116
2.036355
3.875927
5.987299
-1.351929
-4.833857
2.616814
1.502887
-2.081452
0.270130
6.706601
2.228374
7.571345
2.193017
5.894289
3.026561
7.546233
-7.728995
4.556976
0.332148
-1.070280
8.223092
0.413564
-0.676865
0.801607
-2.763231
-6.547649
-2.757867
1.667594
-2.112534
0.114138
3.144610
-5.462618
1.886354
-3.309045
-8.815403
-3.177221
2.436441
6.667113
5.727285
-0.071844
3.754328
-3.289200
-3.150058
7.040443
-5.118684
2.095988
2.103959
-3.977069
-1.477497
-1.651625
6.095246
3.205418
2.721590
2.419262
7.534133
-2.285714
-1.053923
-0.026051
0.998321
5.096793
-2.916630
-5.451963
5.133908
3.224780
-3.190878
0.006324
-1.428205
-1.149333
0.596239
3.081911
-7.952617
1.344455
-10.397074
6.325498
-2.408920
4.535642
-3.969286
-10.353814
-2.131733
-8.207071
-2.793289
7.475372
-5.558055
-1.083084
-3.255172
6.014760
0.839632
4.767004
-4.370825
-3.548033
-8.112581
3.483391
1.390563
-5.009965
-5.267494
-0.638322
3.420550
-5.040278
-3.888556
-3.815994
0.618137
2.130709
-0.016319
-0.824747
-3.418955
-1.031604
-0.304832
6.017840
-4.063588
-3.158546
3.605256
-1.786373
-3.475601
2.359971
-1.403857
6.011914
0.023587
-0.887142
0.141530
3.340602
1.349674
3.670946
4.065517
5.302389
2.321061
6.793333
0.015005
3.165576
2.455648
2.226920
-4.235108
1.113964
1.337735
-3.001818
-1.525521
7.947851
-0.201077
1.431994
-1.486634
2.599238
-0.379890
-10.475119
-2.003846
-6.081474
6.009997
1.287569
-3.342129
1.974013
-1.803915
6.460757
-9.028272
10.621400
-2.197398
1.214243
-3.947794
-6.224012
1.883159
7.188231
4.548003
8.828175
-0.246754
-1.535282
-2.711820
-0.946938
-8.609467
5.525905
-1.678823
-2.164411
1.712721
-1.652707
0.107465
-0.648664
10.451809
-1.133220
-7.492048
0.503324
-9.166405
4.439267
1.863039
3.006111
-6.549017
0.020155
-1.307473
8.934498
-8.076731
-1.941158
1.678114
-0.870115
-4.657943
-5.449071
-0.032099
-6.576727
-5.445055
-1.107984
-0.921812
-2.540560
1.645632
-2.922336
-1.544124
1.096648
1.262119
-4.081109
3.199263
1.728435
-8.085493
8.048878
2.316550
-2.220138
4.242494
-1.265134
-0.707663
7.690709
-2.578929
-0.919747
-4.287675
-3.782834
2.007168
-0.141460
-1.603088
-7.863116
2.430756
-2.826083
-1.019701
-3.080077
-3.855307
3.857815
-1.235914
7.988258
0.154330
-2.356588
-5.445726
0.076346
-4.630283
-4.523111
2.731761
4.789133
-2.738465
3.957676
3.739548
-2.722670
0.573992
1.512964
-1.810565
-1.619593
-5.989521
6.561351
1.595923
-3.243125
-0.483334
-2.994652
-3.756930
9.465582
2.676054
-3.273934
4.196398
-1.025031
-7.954559
7.738413
-3.430225
7.551356
1.686728
-3.892960
-2.802728
-3.610686
-2.951535
-2.426342
-3.808121
-1.150069
5.920702
3.309475
0.696046
1.538218
-6.323210
0.226662
-0.893766
0.798205
-3.001093
-1.276951
-5.300179
1.383893
-0.727835
4.298137
-1.675692
-3.905330
-3.069760
-3.594906
-0.626504
3.241967
-8.382661
-6.577689
1.596683
2.233254
-4.151624
10.302398
-0.348730
1.898942
-4.205886
-1.012914
-1.703043
-5.249271
2.646901
-3.601477
5.623545
-3.019954
2.226789
2.520160
-1.652268
2.493204
3.232676
-1.070553
3.018919
-2.416349
-7.270437
9.305835
0.831906
-9.637922
1.942550
3.228022
-2.789166
1.215566
0.831138
-0.183091
3.949081
-3.904857
0.989825
-5.479104
-5.216132
0.638440
-1.281288
0.610584
-0.965845
1.466527
-0.061401
2.762271
0.368543
1.669314
-6.476414
-1.207542
0.917230
-1.984098
3.973674
1.938646
1.488417
4.914089
-3.118861
2.786533
0.201405
3.712377
-2.714272
-0.139980
0.007492
-1.126536
0.584736
2.041908
0.750979
3.485151
-5.626477
-2.893725
0.197066
4.413838
-5.603290
0.395682
3.607654
-6.191875
-1.034503
0.304769
2.845141
1.605913
9.059285
1.997357
-2.840872
3.651300
-2.440088
-1.529956
-6.424085
5.462888
-0.500841
-1.899069
5.285403
-1.790825
-2.240253
1.559518
2.570290
0.514762
0.368734
-4.251994
3.460577
7.878749
1.032621
-5.876907
-3.462445
-3.680153
-1.146992
-12.883520
1.434752
-2.069876
-2.039304
-3.389123
-2.015061
-9.031989
3.654783
4.208554
-8.823374
-6.300502
-2.282560
-3.648948
-2.157586
2.641386
0.317057
-1.378171
-0.543999
1.850973
-6.024156
-5.610683
-2.790812
0.286260
2.906132
4.457704
-1.641724
-4.919652
1.061119
-10.584009
0.122263
-8.835566
-5.767394
-1.819422
1.556450
3.406222
-1.787206
5.076065
0.247737
-6.272591
5.157782
1.641653
-0.388375
0.596396
1.227468
-5.876460
-3.657778
3.712784
0.821456
-1.114573
1.377399
-3.458979
-4.418257
4.342915
-3.845144
1.844458
-2.108070
-3.713708
2.363474
0.862646
2.424017
-4.583311
-0.077439
11.876833
0.857205
5.066677
5.632948
-0.183180
-1.145908
0.738664
2.900836
3.509307
6.085479
-4.955249
-4.900677
2.885995
4.290066
1.328938
-6.443490
6.553982
2.259853
6.343126
0.268997
3.024469
-3.465609
-4.248607
5.668284
2.456056
-0.220772
6.236600
-3.428041
0.391344
-0.936285
-3.831903
-8.451641
-3.302139
-0.182597
-2.903325
2.236846
-0.102482
-1.562510
3.016162
-2.656786
-1.278594
-0.663123
-3.328914
9.048620
5.761792
3.239164
-4.477064
2.761209
3.454680
1.888352
-2.754326
-0.071805
-3.837643
3.483039
-1.627489
6.995283
5.488254
-0.641273
2.041399
4.633270
-2.166858
-3.702356
4.890185
1.416457
-6.624071
-3.747419
-1.374727
-3.584475
1.352616
-10.495912
-1.856640
-3.382125
0.750104
3.696375
-4.756052
-0.212481
-4.970309
-2.154237
-8.832365
2.565506
5.555678
-2.674980
-1.914578
4.367194
-5.090335
-0.303663
-3.596091
0.288981
-8.849848
4.050625
-0.854103
0.606968
4.035640
1.170412
4.598384
-2.800664
0.663027
-1.997801
4.369371
-2.048957
4.380915
1.877087
-0.210042
7.192930
1.920502
0.355174
-5.410654
3.140217
0.384689
-4.696739
0.649933
1.460705
-7.356324
0.637949
4.691520
5.538892
-0.757536
6.949535
-2.744133
4.791980
0.653851
1.211923
-1.057205
5.460166
9.203339
-2.300390
4.011282
7.347253
9.337225
-2.591893
2.022469
1.547741
3.509913
-4.293175
9.654057
-5.684972
-1.674800
-2.630338
-2.038156
3.859515
-0.532213
-4.112091
-2.795229
0.871603
-0.520025
-2.257154
0.930919
-4.566310
2.484962
1.958934
-2.381495
0.728678
1.049049
-0.862479
-8.258907
-0.884236
-5.268964
1.244508
-4.488420
-0.389648
-2.466976
0.599396
-5.834633
-0.829361
2.646711
0.370983
0.830055
-8.031673
-0.660302
1.729570
-6.102058
-0.283086
-3.708454
1.448758
-5.278171
-3.667329
-7.713127
8.130844
-0.830184
8.096788
1.576460
-7.516869
4.163104
7.677676
-0.044353
-2.302681
-4.879609
2.984163
0.439535
-0.363594
2.003778
2.968550
-5.765878
-1.599106
1.084765
-0.446863
3.681409
2.835681
-1.405547
1.577225
0.259696
4.118868
-2.480660
-1.669788
7.955084
-2.728084
3.214227
-2.941501
-1.616429
-0.704557
2.908015
-3.201764
-2.334042
-2.221370
-4.636498
-5.422826
5.983046
-4.853582
-0.861111
-4.438689
-4.207187
-3.627317
-2.871184
-2.303452
2.749920
2.192492
-2.782086
-7.281765
0.770207
-6.435421
-1.533549
-2.408177
3.409695
-2.080634
3.445038
-2.656830
-9.208717
-4.081697
-2.851685
-0.938303
4.506968
-0.384059
-0.422387
0.671885
-2.516543
2.108128
-4.346930
1.602872
-9.472656
0.219815
-3.569438
0.553959
0.382431
4.750103
-8.796825
5.155946
4.721319
2.492090
2.453462
2.340934
-2.556994
-0.426323
-2.907351
-3.319489
-0.636207
-5.199436
0.646136
1.959008
-4.403480
2.342452
-0.268976
-1.099304
1.498567
1.923139
3.445811
2.029383
-0.072645
-0.867774
-0.714102
1.453070
-0.846358
-0.566486
0.049285
3.274258
1.383929
-0.081799
5.217773
-0.091855
-0.652984
7.848688
1.783160
4.971732
-9.897897
-1.846925
1.633147
-2.793231
-0.284909
6.267862
1.324835
-9.079494
6.240178
7.407350
-3.298188
2.290294
4.185766
-1.696263
-3.147751
0.871881
0.961353
-1.653275
3.550296
6.544069
1.576840
-2.072788
-5.211617
4.661156
0.985028
0.621299
1.978671
-1.456957
-1.423885
2.097386
0.152558
0.940630
-3.109228
5.621674
4.680846
6.865617
-1.093311
-0.044939
3.148933
-4.325065
-2.851213
5.181848
2.374520
-6.012108
12.495364
-2.262364
-0.095393
4.577680
2.585251
3.518723
0.340295
-0.450633
-0.623962
-1.480290
-0.770418
0.678754
-2.928874
4.718197
-1.522331
3.011241
-8.718588
8.532885
0.557557
-4.043052
-0.218800
1.303672
0.993844
5.518115
0.415687
4.450959
0.177031
-3.142987
1.759375
1.536946
1.476218
-2.343910
-5.883338
0.877434
-2.622794
-3.166183
7.035349
-1.615179
-1.552107
-2.478035
-0.554064
-4.584652
2.115780
3.262952
3.526124
6.170596
1.154667
-5.311261
-4.558699
1.408383
7.440955
-4.617233
-3.532922
-3.059420
-3.895688
4.498214
-0.023515
-5.525443
-1.897071
-1.728799
1.319973
1.080445
0.306216
1.135988
-1.924840
3.080232
-3.444626
-1.202925
-3.561483
0.768319
4.030391
-4.251137
-3.071625
6.899306
-3.304172
0.643850
5.606422
-0.320306
-4.671574
-2.834993
0.294109
2.051981
-4.055287
4.644125
-3.126684
2.493268
5.297941
-5.541188
7.058884
-0.864844
-4.432423
2.886799
-0.257029
2.248543
-2.029485
-0.271114
9.253658
1.492230
1.965702
-1.537826
5.964045
-5.292182
-1.747211
1.865861
-5.935067
-0.927095
0.426176
3.864548
7.713320
3.766892
-2.171436
5.171935
1.436907
1.656579
-4.588749
-3.177027
0.829595
-3.753219
0.259538
-0.616190
-0.814618
-9.818146
-1.550474
1.861997
10.674870
7.807841
-0.352787
0.160784
3.472957
-2.834631
1.371800
5.802472
-3.693626
-1.714184
-1.340513
0.348859
2.354931
-5.341797
0.454474
1.305747
-1.194482
-4.042960
4.177562
2.969834
-3.977284
-8.777622
3.947749
5.495121
0.914893
0.260365
4.564237
-7.238791
-2.504920
4.273652
0.416423
-4.980905
-6.807433
-1.201861
-1.705089
5.738983
9.249855
-2.962163
-2.411402
5.792470
-2.179158
3.846814
3.812786
-5.302243
-0.746371
1.333401
-4.954827
0.659245
-0.112783
-0.364812
-5.344340
-2.451068
2.731504
3.215875
7.421347
-6.528081
-7.945509
9.619263
-4.289705
2.023407
7.344178
6.606151
3.858222
-1.588406
0.262066
-3.248283
-1.837191
-6.711919
-2.736247
5.388725
-3.105614
-2.849932
-0.469760
0.004212
0.382584
0.930456
-2.008373
-7.270700
-4.701849
-2.099557
1.183015
1.960286
-2.753842
-5.503870
-1.401898
-2.376526
-0.777555
-3.890568
-0.209911
1.302861
3.798833
-2.035395
3.644577
0.022348
7.988220
-0.051608
10.317163
-0.378464
-4.783473
-4.656331
-1.594449
-2.519377
-1.806505
-3.586924
2.195738
-0.171390
5.575182
4.495554
-1.080775
2.281997
5.513969
-1.053459
2.141713
2.701684
5.490657
-0.023572
9.190600
3.390572
4.490143
-0.169584
7.250487
6.566459
6.386431
2.172903
8.927375
-4.671624
0.216118
1.305990
3.725262
1.127833
2.351905
-4.377993
-0.735851
-1.698879
-1.757207
1.741665
1.412236
-1.078692
2.748980
-1.636648
-0.971276
-2.669805
0.638867
0.376539
-5.699689
-3.414997
0.285655
1.022426
-3.597832
4.515770
1.451142
4.754614
3.372485
-5.968543
1.349229
8.291501
-0.487927
1.539345
4.201916
3.580089
5.560760
-4.091608
1.621904
1.356876
1.605347
2.147519
-5.694109
5.017962
-5.221565
-4.391814
-6.899322
-1.025350
-4.556218
0.367393
-6.880235
-2.366063
-4.989391
4.896081
2.151953
7.150825
0.651496
-3.203722
-7.033460
1.638712
-1.410416
6.483656
-0.123173
0.367999
3.318571
-2.626057
-0.718185
1.194487
2.589958
4.366930
-6.942598
3.310474
-6.813154
-3.621833
0.740289
4.290561
-2.976667
0.895605
-2.829923
-2.576452
5.113620
0.705892
-3.407686
-3.003865
5.469108
-1.869621
-5.546749
-5.919077
3.947794
4.173867
8.131838
2.274310
2.877682
0.999154
3.721326
2.638298
2.958669
0.704141
2.962613
3.661984
3.726856
6.504528
-1.900400
-5.057128
4.612044
1.345615
-4.090471
5.181359
4.443631
1.288703
-8.907825
-0.640953
0.895018
3.617890
-1.528238
-5.866567
2.555406
-7.167222
2.854249
1.834821
2.507593
3.647365
-5.921364
2.203608
4.499580
7.028852
-2.932176
-6.177805
-7.981133
3.489039
-6.432689
-1.098217
-1.980945
-1.909374
7.844599
0.036270
-1.493158
-2.599486
-0.376115
2.567157
5.343029
-0.486599
0.698673
1.122145
3.941216
0.857089
-2.853040
3.311432
3.897504
-1.639124
-6.295952
-7.162481
7.404091
0.511663
-0.021666
-8.803493
2.133878
2.290250
10.605922
2.954394
7.067866
0.635337
-0.752091
-3.657599
1.826653
-4.994505
0.277496
4.789968
4.427440
-2.049488
3.487284
-1.706944
0.928627
-4.217031
-2.045429
1.518843
0.615215
-2.332913
0.082958
0.269930
0.245602
4.112274
7.459246
-2.398383
6.218190
5.759861
-10.347568
-1.502995
-8.374523
3.248448
1.322421
0.133592
-2.401936
-0.372365
0.627407
3.118879
1.647051
-2.892477
1.490594
-0.557034
-2.957862
-2.171590
-0.583918
3.193754
5.558926
-2.314502
1.269269
6.004541
-7.170887
3.062685
-4.574764
-1.315172
-0.528200
10.193372
-1.753956
-0.910584
-8.898012
-2.338841
2.504631
-6.818797
-0.062425
1.409947
-1.017982
0.018890
-4.033008
-1.512567
2.856805
1.536977
-0.350451
5.720621
6.498892
-1.394335
2.011436
-7.444992
-1.306220
-4.081490
-5.402276
-6.056304
5.180168
-8.060661
3.550711
-5.929817
4.944955
5.216327
0.982698
2.270970
1.960942
5.315614
-6.064115
-1.116543
8.004329
-1.446199
2.013073
-1.575155
2.160017
6.520189
2.339561
-1.274368
-0.852896
-3.300594
6.965048
-6.296480
1.175691
1.916763
-1.659465
-3.751384
-0.503822
-5.428050
2.230322
1.684494
-3.708004
-2.543363
-1.014391
3.567081
-2.722547
-4.285450
-5.356503
-3.166632
6.214540
-3.737098
-4.021477
-3.445835
-0.501273
-2.732301
-5.104369
4.373243
-4.949336
4.499286
4.475558
-2.873070
2.104102
-2.076026
1.344146
1.849317
0.988289
-0.678539
-2.337967
6.310004
2.248076
-1.231452
-0.589880
3.277392
1.232864
-2.336064
2.527907
-4.786171
-1.014149
4.838323
8.271695
0.931966
6.691638
-6.733990
-12.081219
-1.234446
11.840525
-1.860502
1.219170
-1.165459
0.122013
5.696784
-7.210644
2.770928
7.433300
-5.748628
-1.649956
-2.723885
-5.904113
-2.581941
6.263131
-1.436997
0.709375
3.138347
-1.513482
-2.833710
-3.095138
1.089734
-6.092995
5.351877
-2.451551
4.711122
-3.385727
4.397364
2.115137
7.559708
-3.287900
5.024652
12.934624
-7.299005
-0.857432
-1.941661
0.820911
-7.315718
1.414955
4.078426
2.142698
-3.774300
7.863342
0.071614
4.972386
3.114757
-2.141071
2.425701
-1.793427
-0.011255
-4.316715
-4.848392
-6.138540
-3.759998
4.217904
1.126976
-5.546453
-2.252481
1.833591
1.846263
7.262835
-0.100194
-2.605322
5.248150
2.695722
2.696494
6.454666
-3.517143
-3.262091
6.139581
-3.475467
-2.065675
4.966496
3.883669
3.312540
2.649212
2.008083
-4.318243
1.625927
-2.814801
-0.827729
-6.305057
6.805215
2.035986
-6.864242
-4.747880
2.397502
-4.209156
1.886746
4.828717
8.048988
-0.186139
-1.716667
1.701105
-2.332324
5.375749
2.912320
0.337592
1.353864
-5.536864
1.101307
4.593379
1.478851
-6.116977
-1.904805
4.543467
-3.512522
-2.662490
-0.603118
0.782554
-1.199174
0.928597
-4.977480
1.205842
1.947613
-4.328854
0.132656
5.451728
4.799600
1.695272
1.679744
-3.168984
-5.540112
-2.473841
-1.680069
-2.842897
-1.729625
0.792847
1.006218
9.298889
-5.758638
-3.206866
-3.209895
2.891277
-6.027351
4.176421
-6.305007
4.220865
4.407937
3.312908
-0.451420
1.522052
2.395424
1.381996
-3.307132
3.563640
-2.986889
9.266382
-0.490446
-7.661573
0.128499
6.386271
-2.088958
0.202013
-6.838414
-1.316042
-0.817271
1.598201
1.810973
-7.293455
1.793017
4.864089
3.999160
3.150132
1.006003
-0.502924
9.368848
-4.541221
-1.407209
0.376963
-1.968865
-3.777424
-1.437622
-3.944110
4.046222
-2.436306
2.354265
3.873937
-9.739091
-0.575719
3.892653
-2.824475
-2.049903
4.144368
0.775840
3.280912
-4.759437
-0.096045
2.473927
-1.413101
0.994771
0.054943
-9.949885
0.550786
0.270158
4.187030
1.997202
3.887673
3.083246
1.635417
-6.463810
-5.495539
5.167933
-0.095595
-4.771564
2.654648
-0.601880
-3.144308
-0.344836
1.546435
-3.844543
-3.819811
-0.676749
-2.774477
-4.216325
-2.428233
0.488838
6.456410
4.408381
-3.136346
-3.317374
2.877798
-1.912231
2.636241
-2.878087
2.286484
0.462056
-0.354272
1.483800
1.376772
9.972044
-3.254885
2.470587
4.053859
-4.610389
0.085103
1.037775
4.563447
-0.094081
-3.293910
-4.722928
11.383734
4.550605
7.079678
-3.652061
-5.413479
-0.158507
2.354165
-4.579862
-5.712192
1.540480
2.812052
-0.611476
-4.846984
-1.272132
0.194739
0.481711
0.699883
6.345254
-0.832174
-1.545402
3.230770
2.986442
-4.423077
3.798086
-4.928933
2.298929
-2.095399
-2.147527
-0.668955
4.040017
8.483889
0.250260
3.268232
0.553803
-4.097614
-0.171352
-6.068681
3.458391
-6.385737
-5.789065
-2.926494
-1.698622
-5.063540
3.701422
2.132994
6.353466
-6.914163
-2.324791
-1.878519
0.048152
7.116324
-1.528804
0.503869
4.248440
-1.369788
0.381684
-5.173845
-9.462273
-4.470038
-3.959309
2.693043
2.084715
1.568687
3.549658
4.772930
4.279302
0.137774
-0.531455
-3.985442
0.047189
-1.480439
5.590733
0.173605
8.545676
-0.784952
-0.938380
2.455592
0.343364
-1.280264
9.289507
2.508179
0.565251
0.181723
6.969395
-0.121333
-4.459461
7.227310
-5.200338
1.792953
8.397225
5.110698
-1.333231
5.010541
-0.071887
-4.878895
-1.018143
-3.313372
-5.470870
4.094572
-6.488256
5.726915
4.836388
-2.215441
-6.922070
-0.861097
-2.259326
-5.564373
-2.361681
-4.579418
-3.437438
-5.351656
-5.708994
-3.192223
5.468549
6.630521
-5.082967
-3.131035
-4.672806
2.143209
3.637580
2.786452
1.458323
-0.195405
0.154868
0.914040
-4.274779
-2.008017
2.817955
-5.343204
-6.020602
1.012670
-7.293058
-1.766387
-1.721615
2.423157
3.573029
-4.053489
8.016872
-2.784555
-5.933183
-4.214561
2.655160
4.438631
-1.010396
-5.980824
4.906347
-1.168081
0.275091
-0.402537
0.327935
0.527107
-3.055922
-0.076450
-1.094578
5.024894
3.347266
-2.168862
-4.530381
2.262081
-6.684847
-7.033376
-10.347504
3.007069
-4.520270
-4.144888
-0.082616
0.606956
-1.078773
2.736099
6.127971
-1.373657
-6.389485
7.395886
-3.054642
1.707030
-5.178128
-1.264726
-0.775354
-0.582383
0.686989
6.831661
0.271933
-3.692586
-2.606024
1.071348
0.457220
-5.822308
1.218864
-3.430365
-1.376593
-1.431221
-0.943249
1.885523
-3.570505
-3.631133
-0.437061
-3.047790
-5.678438
-5.660857
-1.279075
0.659997
2.653269
2.030141
-5.023367
-0.338315
-10.249943
-8.193072
-0.536800
5.957871
-6.522656
1.819316
-2.331513
-7.930140
-2.589269
-1.228197
5.361674
2.270046
5.147919
0.655290
-4.443878
6.312534
5.371505
0.121277
-3.047851
2.634321
-0.598207
-6.571835
4.431336
4.864508
1.090380
0.519252
-1.277576
-5.875304
6.141168
-1.759460
2.077811
0.249483
-0.889246
0.471926
2.475798
2.452270
-5.313148
-1.443486
1.433386
-3.907743
-1.619671
-0.631499
4.870473
-6.037355
3.719216
5.048888
3.140460
1.704132
4.285903
1.515175
-2.425053
-9.610380
-0.139409
10.265463
1.623935
-1.053194
-1.142222
-0.461950
-0.307978
-0.412906
-2.773034
-5.095932
-2.597991
0.890981
-0.467547
1.369325
0.479696
-4.386352
-2.093360
-4.374108
2.916484
-6.897144
-1.330273
1.200399
-3.106929
2.310743
-0.870885
-2.951713
-4.114462
-0.746070
2.242301
-2.715926
-7.331454
6.053617
-4.900071
-0.715639
4.892232
-0.415995
-1.053124
-2.030152
6.619420
2.455492
-4.522556
3.426036
4.001508
-1.195521
-2.392849
-5.315567
1.550495
-2.373933
5.692139
0.022510
6.390082
11.118053
-1.158475
-8.078103
3.651770
0.955941
-1.212787
-2.096415
-4.042314
7.570827
1.515300
-2.044828
2.769444
6.263716
6.315687
-10.125040
-1.116569
-3.263197
-0.312726
-4.181554
2.883018
-3.298410
-0.754238
-2.256166
1.731905
-2.077422
-2.338651
4.230121
6.229293
5.180264
-2.986763
-4.373381
1.604580
7.073152
-2.948376
-1.149605
6.825068
2.948539
2.811411
-2.277417
8.628954
-2.903073
2.545198
-0.364230
-1.691258
-2.490386
2.709286
-0.588143
0.016429
5.231701
5.588673
5.845645
-2.200984
-1.866512
-3.322939
2.741832
9.724504
-1.114625
4.357047
7.942419
0.920491
7.455363
-6.557065
2.712906
-2.172322
-3.282550
-3.100878
-4.164156
-2.624534
-0.503062
1.112710
-2.509418
-1.512448
-4.812054
2.169796
-2.352132
-1.138660
-8.739288
7.061883
3.432155
0.128928
-2.411901
-4.304699
-9.157557
2.688115
1.463387
-0.761342
-0.864370
6.795602
3.563574
3.109245
3.996118
-3.298311
0.769061
-5.938167
-4.490716
-3.206324
2.214348
4.166920
2.177992
-1.556436
-4.294575
-2.303893
-0.791621
0.655751
-7.474977
4.666695
-0.219934
3.125738
5.004511
0.464082
-4.744747
4.117025
-0.198503
5.090869
3.361141
0.594713
-8.154315
1.554657
0.964128
-5.405410
7.600672
1.351744
3.987116
-0.768013
-0.872840
1.138631
4.453703
-3.398926
0.193946
-5.660501
-1.303610
2.471462
6.227334
-0.727395
4.457577
-0.890451
1.405221
-1.471207
-2.736635
-1.725563
0.695208
1.464180
1.334252
-5.894346
-4.151535
2.815968
0.194839
-4.139209
-8.920317
-2.854445
6.229826
0.144898
2.308470
0.999542
-4.124836
4.570286
11.317657
-9.831371
-0.048099
0.363072
-0.005055
-1.762183
-2.919912
9.611461
4.147932
3.253104
-1.517225
-3.238853
1.708219
1.416591
-2.155237
-0.042465
0.759007
1.005078
2.341350
-0.583878
0.492294
-9.912934
-4.959816
2.866209
2.153081
-3.099947
-6.993476
-5.913994
-1.104532
1.504240
0.918712
-1.664816
7.019756
-0.915073
1.856499
-4.943449
0.343443
1.566315
-7.126113
-0.041542
0.232230
2.904702
1.307974
-3.076755
3.742117
1.902889
1.965061
4.119733
0.468904
2.143576
3.812449
10.622220
-3.465608
0.079764
0.022436
8.496108
4.720479
6.785050
0.750722
7.459994
-1.338033
-2.538762
-2.341990
3.412881
1.730254
-0.683574
-4.415223
-7.271831
-0.255659
-1.769487
4.056185
-3.503843
-0.002672
0.715300
0.788172
0.391044
-0.477684
0.393988
2.915060
-1.081969
-8.390897
-0.946225
-0.292454
0.708918
-7.491810
0.088962
-2.344966
-3.175195
3.312977
-1.590751
5.568121
-4.626237
3.775165
2.006137
0.704309
7.223980
-9.209349
3.672423
5.810895
0.935567
4.053639
-0.401789
-0.481617
0.387255
-1.245673
-0.822202
-1.653030
0.858642
-2.703686
6.571586
-4.921202
-1.134870
-6.351699
2.262573
4.473445
-2.347984
-6.829812
3.398860
0.226332
8.112305
-6.425824
-5.500133
-5.693711
4.118891
-3.792837
3.377135
2.241507
-2.205422
-3.197050
-4.252118
-1.195306
-3.048434
6.026937
3.098909
-6.263219
-3.702747
1.490724
0.830996
4.000769
-3.068860
-0.125488
-4.120426
-4.123165
1.571827
4.159600
-3.449229
-0.295057
0.498215
2.438687
4.177258
2.967331
4.876402
-6.681427
-3.066255
-6.981083
1.480889
-1.127639
-0.188567
1.924905
-5.345354
-3.705152
-1.773580
3.396592
1.739164
0.216436
-0.733792
4.780379
-1.970049
-3.047178
1.844594
2.530266
-0.012362
-2.408190
-1.488618
1.988054
-1.988874
3.930297
4.466169
-0.937159
-0.775987
-1.657015
2.506356
-1.219172
-2.442900
1.112972
-6.180256
-8.469085
-4.104312
-3.937541
0.145832
0.206503
-0.298726
-1.204654
1.978218
-4.777780
-5.906668
-1.055366
-0.298295
-6.683722
3.163849
1.571021
0.712893
8.994965
3.953036
5.385908
-2.083820
-1.843148
3.310224
-4.409735
4.068367
-0.067561
2.405811
4.163283
0.985155
3.354526
0.359798
1.233070
2.619142
1.935114
-0.825814
0.869357
-4.434891
-0.119099
0.871673
-3.689355
4.000816
0.822488
-2.152540
-0.392568
-1.815196
-2.804725
3.334947
-4.261141
-2.852109
1.035563
-5.667985
-1.464993
2.272878
3.168951
13.802921
6.042893
2.111966
3.822537
3.239109
3.163382
0.991053
-4.639915
3.635496
1.778468
3.164040
-1.053288
4.424284
1.414556
6.511528
1.926199
-1.836829
-6.149897
5.839415
-0.554013
7.175359
-2.788970
3.763702
-1.119926
6.269245
-3.650683
-6.994811
-2.800939
7.136133
-3.599695
-5.800913
3.647448
-0.121680
4.903992
-2.505636
-0.604964
0.843307
-10.291821
0.549351
-5.285696
3.096994
4.256666
-4.459132
3.183411
-4.383098
-4.231647
9.806625
-2.557103
-0.695531
1.804141
5.533513
1.382885
-3.344743
-1.633371
-5.423590
7.379372
-1.237957
-1.400485
-2.083213
0.828759
-3.597769
-1.558097
1.270075
-3.068553
-3.630282
-0.013710
0.572262
5.110034
7.362006
-3.594422
-6.159151
-3.754179
1.258993
2.246865
-5.665633
-9.507591
2.495881
3.322552
-3.034376
-0.056804
3.533867
5.261640
-0.422789
1.766083
-0.123345
-0.643074
8.356499
4.549970
0.347842
-3.858286
2.676686
-2.880842
1.814730
-8.791100
9.573273
-4.148655
5.490216
-1.155212
-1.423140
-6.717868
1.220404
-8.980425
5.220047
-6.576181
2.617791
0.603963
-1.786865
-7.742093
10.543879
4.901850
7.716822
-2.988307
4.030766
2.698137
-0.660891
0.138181
0.032653
2.681425
1.824697
0.464868
1.294740
-1.690088
-1.282816
-0.438444
2.599127
3.224000
-7.210529
-2.807757
1.737615
-0.036613
-1.180942
-3.672470
1.048002
3.939874
7.913145
3.553817
-4.274211
-3.788039
2.662733
0.275404
4.405877
-0.732552
-0.203680
4.086092
1.012364
-2.715164
-11.204792
-2.794520
-2.834249
-0.396078
-0.941106
-0.696234
-3.268062
3.675310
-1.492518
-3.895746
-0.932374
0.925297
6.534469
4.976440
4.641413
3.615185
7.240356
2.520428
0.371000
-3.150528
-4.281656
-3.353184
1.863987
5.414160
0.931431
1.958903
0.792274
2.242746
3.493218
1.164690
2.603362
-1.686066
-4.435434
0.597477
-4.806251
3.418021
2.501193
-0.748235
-1.772563
-6.276991
-2.371520
-7.065748
-2.955876
7.510595
-2.432733
-5.490644
3.546711
-7.515117
8.902455
-0.823073
-1.294202
-1.433730
2.817242
-3.623086
-2.478214
-1.580142
-4.355870
1.673301
-0.893027
-3.439956
-0.445984
-2.553112
2.911760
-3.239868
-4.004796
5.424976
-0.992053
-1.153681
-1.507509
-1.338737
-6.067275
-5.017853
-1.659022
1.142350
1.967122
-0.171406
1.159266
5.501637
-1.586591
-3.477619
2.884853
-0.149175
0.463596
6.661469
-0.953760
6.141412
1.212384
0.995956
9.075328
6.635299
-2.554929
0.990443
1.933615
7.606187
4.187859
1.455930
-1.980898
-2.409926
-2.803154
-4.113183
0.765489
-4.130839
3.396833
-0.760895
-0.692523
-0.348452
1.590620
3.908392
-1.891736
0.528136
-2.848292
-1.356121
0.007451
3.393723
2.845095
-0.768834
4.693539
-4.120490
-1.488518
4.320954
3.172426
-2.921402
2.992769
1.896341
1.062213
-1.564215
2.105057
-1.859171
2.752400
-2.420828
4.352444
-2.538285
-4.530493
-0.736341
-2.562669
-2.686097
2.946874
4.647947
-5.228122
-3.365710
-2.998438
-10.919466
-0.502094
2.344878
5.142750
-7.327279
-4.444207
-0.279935
4.651636
0.839008
-6.619620
-5.919618
-7.986476
-5.581549
-4.528293
2.195339
0.351211
6.662383
3.923655
-0.364073
-2.212502
-1.881030
2.722241
0.110614
9.799186
2.751258
1.284830
-9.499199
3.473473
3.477345
-5.492110
-2.633812
3.651160
-1.697968
7.472904
-2.244225
-1.371552
1.869720
-0.653209
-8.112738
8.293735
0.628706
3.744979
4.648650
-1.805578
-1.263206
7.858565
0.110937
5.940509
-0.975319
-2.756647
5.308424
-2.235904
-1.403831
-6.845960
8.415312
-3.605016
1.966956
0.615728
-6.965400
-3.694929
1.270243
3.364314
2.859886
2.804559
6.104031
1.185102
-2.518926
1.843846
-5.551018
2.185089
6.408861
-0.917067
2.344005
4.569776
-3.239052
-0.223580
1.208092
-2.429236
-4.943904
-3.048093
1.771780
-4.193649
1.789223
-1.879306
7.146466
0.691038
-2.854290
-1.829118
-0.238346
-2.056375
-3.048003
-1.446931
-5.925389
5.466212
5.901185
1.531957
-4.926072
0.518401
2.347772
4.743043
1.892416
-3.675113
2.965859
-6.469039
-5.023987
0.785775
-3.008153
5.802819
2.307090
-4.202938
-0.515766
0.295706
1.480878
-2.416351
-8.163579
2.997393
5.935564
1.594236
11.604508
1.295180
-4.665268
-1.053876
1.013696
6.364367
-1.161861
0.576011
4.979283
-1.324745
-0.718273
5.639198
-1.773730
2.757742
-5.126007
7.035086
4.551058
6.438029
-1.519598
-1.959927
-3.945355
-6.066084
2.505488
1.835460
-4.292868
3.788304
-3.485624
-2.778353
3.800020
-5.003449
0.421762
-0.589865
-7.145093
-2.533622
1.962150
-5.438178
3.351094
-5.520595
-0.611063
-3.225891
2.646781
3.471354
4.523325
-4.281903
-5.520842
-3.886960
-0.365488
0.154984
1.759156
-5.582285
-6.207621
1.642371
3.782143
-4.385586
-8.438313
0.070158
0.813930
1.910202
2.828974
1.099446
2.613817
-4.989251
3.504560
5.106733
-5.204045
-2.302423
8.448648
-3.422480
-5.375128
5.542563
3.587635
8.144507
2.464680
6.667450
-3.314977
0.347195
3.430766
-2.648262
4.901310
-2.207818
4.953254
4.245526
6.569198
-1.380231
1.981541
3.515713
0.163384
-4.293943
-2.119472
9.211000
0.876672
6.066944
-0.001884
-5.100603
6.199860
4.027831
-3.011497
0.358975
-6.173284
4.124018
4.013590
2.957461
0.952134
3.521006
2.699577
-2.302150
-4.157679
-2.144507
-1.634536
1.343736
3.456808
-1.656020
-3.761248
1.672123
-0.933704
-0.969732
-3.340861
-4.574189
1.401683
1.032855
-7.115773
-4.506301
-1.250629
-2.525958
2.027113
1.502585
2.192758
-0.678871
-1.886399
1.089573
-1.657355
-5.509163
6.527788
4.521760
-3.692368
-1.805996
8.701675
0.199948
-2.626281
3.402691
0.854063
5.358535
-1.022593
3.105079
-3.901649
-3.689378
-1.463506
-5.789634
-3.572763
4.726309
5.307281
1.527953
0.759124
2.257496
-0.488232
-0.097660
3.464512
0.806283
5.509056
-7.497972
-3.015900
-1.149029
4.331943
-0.832685
-2.849314
-4.223742
-3.368970
4.171902
0.134474
12.451746
-3.142683
3.833390
4.452661
0.511633
-2.198695
-3.475823
-0.649251
4.349520
-1.270308
-3.971537
-7.231365
-2.369893
-2.511621
3.489451
-1.553977
-0.336205
0.305966
-0.363662
5.833210
3.846882
0.228454
-3.542574
-1.943403
0.230369
1.756541
-1.676687
2.557384
-1.834343
-3.467972
1.276500
0.173372
-4.091156
-3.833885
-4.501613
-2.640641
3.484531
2.149303
4.500675
-0.089454
4.160618
2.790090
4.249561
0.146434
-0.859994
-2.672922
-0.611950
1.951421
-3.826007
-0.692036
7.526337
2.077208
-0.982020
-7.877748
-2.554776
1.802396
2.282967
2.429439
3.836211
2.989583
-0.841945
-0.698174
6.709999
8.066971
1.240142
3.672513
0.084486
-6.671653
1.264629
6.218801
0.601273
-0.127055
-0.935684
3.325288
-6.373910
2.235032
1.672804
1.722676
3.537848
0.692519
-9.067709
-1.502637
0.546734
-0.987093
4.043678
-5.147089
6.822322
-0.590606
-3.949135
-3.211463
0.063409
-1.585319
0.601153
-0.790475
-7.762003
-2.340132
0.061340
-1.739188
1.316483
1.988955
5.038927
5.308900
-7.879629
-4.166157
-2.922385
-3.241914
-4.969812
-5.686000
-1.479698
7.552674
8.060646
-6.197273
-3.189011
-1.367639
1.368633
5.376505
-5.124703
0.749049
0.014020
4.778392
1.816464
2.252135
-4.663093
8.725279
4.168251
2.089623
-0.796105
1.881866
-2.726862
5.310110
5.535082
-2.106646
-5.556254
-0.466602
0.706169
3.492841
0.815213
-3.640516
2.011656
3.617828
2.636300
1.836272
5.711744
-3.251584
-5.160493
-3.106841
0.193031
-4.764297
6.031575
2.589447
2.424919
-3.965210
-1.086238
-2.376966
-3.972294
-6.708483
-2.326251
3.248121
1.601793
8.860266
-3.461063
4.147208
-6.244000
-4.003448
0.196624
4.149096
-2.118133
-6.153561
0.067311
-2.824717
-1.378145
1.883127
-2.818301
3.723970
1.063442
4.428813
4.628785
3.764458
-0.193071
-0.392999
4.583673
6.026644
-4.404984
4.097588
-1.293940
4.718532
-0.154696
-10.151224
-3.421652
2.848419
5.166390
-4.931937
-1.881966
0.250706
0.815478
0.144850
-2.888778
0.818894
-1.208334
0.298438
-3.552991
1.552781
-2.989147
-4.229475
-0.051703
-4.018132
1.084040
-1.059788
-3.704816
-0.242244
3.241028
-1.547801
3.123571
-3.156757
-0.150985
4.522686
-2.460342
9.673630
-2.787498
4.181574
-3.602355
2.711017
-0.930110
8.675461
-0.518867
0.676005
1.226577
-1.731552
-3.583980
3.104392
8.724263
-2.466965
0.259107
-0.008121
3.191751
-2.371477
-0.471406
-2.049433
0.518438
2.617310
1.504082
-0.566946
1.553226
-2.237602
-0.046931
0.553941
-3.272987
2.036585
1.769557
-2.879272
1.230200
-4.578328
-3.690256
-7.546684
6.398587
-9.211040
4.047531
-1.962797
5.153475
7.769446
4.277419
5.022390
-5.045338
0.889734
-4.870395
3.973277
2.587649
2.936722
0.301393
0.707064
6.703136
-3.784792
0.896780
-1.489548
1.537824
2.549995
1.741868
-2.292161
-6.224609
0.174683
2.256454
2.975527
4.215798
-2.513230
-3.047158
-2.124286
9.111686
-2.671143
6.462629
-5.689339
7.663573
-6.246975
2.298916
0.161288
3.369160
3.203832
5.095404
-4.192225
5.348348
2.867519
8.445292
5.507263
1.402134
0.322306
0.118478
3.866651
12.043122
-1.673206
3.380866
9.319037
-5.915411
0.171981
-5.264877
1.755425
-2.983303
4.470869
2.895840
6.596812
2.412084
4.081756
-5.216453
3.290799
-6.485609
2.121243
12.416615
11.660585
-5.280612
-2.498670
-1.500598
-0.777726
-1.092854
-4.781582
-3.338011
1.054761
3.828032
-0.621495
3.437777
-0.041252
3.718720
-4.247408
2.991364
4.603136
-4.663893
2.985179
-2.564049
-6.066678
-3.992105
-3.837333
-2.977562
-1.047890
-2.366618
-6.116920
-0.874974
0.307198
0.225269
-2.317359
2.746912
4.936685
-2.585244
5.723628
-6.608600
-2.752628
1.100644
7.560516
-0.841413
-2.573641
-8.879969
0.476503
1.489575
7.413346
-3.857481
2.864590
-6.198877
-4.004967
2.449205
2.345978
-1.647551
-3.549379
-5.154607
-9.416036
-2.583563
-2.861992
1.894080
5.775952
0.739824
-0.596404
-1.225532
-3.482161
9.170811
1.214683
-11.840245
1.922526
0.044798
-4.645130
-2.002858
-3.071286
1.923186
1.478257
0.358829
-0.089999
-9.633327
1.751945
3.320616
-3.053612
-0.499040
0.553532
4.201303
3.233975
-2.757852
2.754319
-4.090209
-2.360737
-3.761866
-2.639994
-2.120022
2.843550
2.646523
7.369994
2.745065
-0.002663
3.737810
4.694880
0.518253
-5.843505
-5.072104
1.420969
-2.379459
-2.911888
9.210684
0.523255
6.186627
-3.670201
-0.923829
7.005543
-4.690585
0.418887
1.856159
-0.156870
-2.533698
-0.213526
5.938346
-1.902283
-9.473110
2.853461
-3.909667
5.659204
-0.100123
4.315148
-0.105180
0.129192
3.057464
-2.141365
3.003207
3.858979
-4.665749
2.653923
-5.496005
1.968566
-0.667462
-3.739490
-2.071918
-3.670246
5.604726
-8.136803
-1.743031
2.113742
6.687613
-2.069416
3.172956
7.301528
-5.614790
3.308372
-1.585556
2.833215
4.229388
-4.845740
-6.456789
4.017303
0.382174
-8.387553
-1.104782
4.539190
-4.147238
1.794233
1.762405
5.196077
0.699649
-2.462479
0.772093
-2.816535
-0.306364
-2.940192
-0.503720
2.242552
4.589824
-0.615804
-2.484633
-1.163460
2.469010
4.249682
5.281654
4.110626
1.106598
-4.756330
-4.039458
-1.839586
5.011485
4.806458
2.729229
8.034401
-3.195927
-1.288555
4.535316
1.424088
-1.743440
-2.358068
-3.273796
-4.592024
3.459348
-1.452781
-2.685709
-1.347337
0.745935
7.988007
-2.364022
3.911950
-3.289878
-6.056786
0.375866
-0.348863
-8.670991
4.229781
6.047752
4.649725
-2.024704
-3.764632
0.416440
-4.316088
-3.180017
4.047555
4.490527
1.101799
3.284472
-1.026457
-3.233485
1.015687
-1.196842
-3.518170
-0.596598
0.617074
4.909245
-4.438282
3.974189
2.067961
0.979833
3.945105
5.792076
7.201049
6.688021
2.653792
-0.925136
-2.732464
0.696507
-3.917221
-2.529149
-3.784977
1.786695
-4.525933
1.554139
9.817710
3.687682
-3.979246
-2.287674
-0.859602
-0.688830
1.772942
5.730514
3.192385
-1.316344
4.168428
-2.821300
-3.076428
-6.153246
-0.449684
-2.226612
-2.494441
4.933230
6.096203
-1.901525
2.304747
-5.269681
-3.993010
7.472061
-0.062067
6.562005
4.026978
-2.971451
3.073421
-5.106907
-0.397035
5.914837
-5.465351
1.223380
3.755752
-1.431376
3.689695
-0.059032
-4.127561
-2.034888
2.764283
7.165554
0.932726
0.654198
0.584570
-7.307418
3.676414
-1.113615
4.699357
-1.936871
3.889301
-6.308907
3.629245
0.828517
4.644188
-3.473940
-0.068968
-1.569797
-7.941424
0.527647
3.725019
4.167992
0.585862
4.335935
1.246806
4.040878
1.002050
-9.419878
-1.159206
-4.049734
-0.628562
0.937510
1.701080
-2.071147
-5.515785
1.252596
0.317169
-5.153660
-1.987587
1.237284
-7.290915
3.135227
2.116799
3.288871
-5.253657
-7.035255
3.891287
-1.585542
9.711229
4.698202
-1.311126
-6.703394
-2.155182
3.586088
3.598061
4.293033
4.225004
5.296976
4.996948
-5.176480
3.293492
1.226863
5.660835
-0.029193
5.474779
-0.967349
0.842723
-1.621905
4.734667
-2.280561
-1.937089
4.608582
-2.462047
-1.490475
-2.942502
-1.018631
-5.199859
-3.646387
0.886485
12.392358
-6.672532
0.664200
-4.157128
6.759244
-3.638684
-2.228312
-1.372241
-4.186869
-3.967097
1.147974
-2.889753
3.385118
-0.391109
-6.096979
-1.903367
-5.091595
1.643777
3.833849
1.601521
-0.770707
4.833765
-6.007454
-3.915392
1.240180
4.767652
0.938924
3.246495
-9.733333
-3.871060
-2.548289
-1.997716
-0.310446
7.608426
3.820398
-7.011800
-0.911458
4.520314
-5.305014
-6.757922
-4.203771
0.433301
4.975173
1.618645
-2.200183
-5.275111
2.409060
-2.809668
2.909204
3.454975
1.626647
3.064819
1.870091
-2.704938
-2.215466
-0.715794
-2.781122
8.226750
-3.780078
-6.723986
-0.843434
-0.732163
4.850609
-6.780649
-2.099347
-2.081875
3.668496
-0.679932
0.842441
-5.713088
2.006484
-0.373845
3.202327
5.510299
0.752071
-3.087257
-2.019185
4.901187
-5.486441
5.956131
-4.511798
2.104673
-2.749154
1.359918
-2.643410
3.255761
-8.727768
12.780904
-9.662424
3.826848
4.775820
-3.031008
7.908764
-5.035865
-1.697293
0.142079
-2.483249
3.103723
11.482595
-1.914733
-0.190861
-0.770490
3.848481
3.922454
-6.854255
7.339397
-3.667831
-2.631359
-0.561287
-3.891915
-5.863823
2.048928
-0.814800
0.632572
-1.373056
0.044216
-10.092813
4.135059
-2.976968
-5.475698
-3.893025
-1.318853
5.488918
5.255891
-3.763838
5.200834
1.504106
-3.025423
-6.768781
3.880721
8.466693
-2.245635
-6.318764
1.158408
9.162580
-1.638948
-6.424436
-2.979104
-1.732233
-3.843760
-0.374889
-1.361018
7.891355
-1.671774
2.711699
10.759270
-2.047858
1.294414
1.296386
-7.416982
0.947829
1.455501
1.868672
1.852845
1.811617
-0.051012
-4.061239
-6.565747
-5.141096
-2.147924
0.788347
-2.812881
-1.875609
5.572763
-2.650065
0.588306
3.081578
-1.342950
3.396622
2.077993
0.362566
-1.356062
-2.345991
-4.787620
0.254353
-4.447875
-1.108603
-7.315092
-5.710330
4.525311
-1.042117
-2.273545
-2.707473
4.295199
-0.844829
3.886143
1.795515
-1.104413
-0.464641
-5.225970
5.120002
0.730274
-3.707155
8.788918
-5.031411
-3.251839
-1.407567
-6.765526
-5.369724
-1.685852
-0.365680
8.713692
-2.305036
-7.681244
-10.237292
0.032179
0.255751
0.880023
-2.444805
3.811466
-9.674461
-1.943290
-10.682518
-1.716146
-0.285275
-6.880493
0.070570
-1.152659
1.428113
7.908184
1.727057
4.207128
-1.998400
6.375072
3.715044
-0.875484
0.038688
-2.753940
-4.181269
-1.749097
-0.921626
2.589046
-2.844682
-0.149209
5.983763
-1.616966
-0.877794
4.180678
-5.302851
-4.006679
1.652293
-1.227435
0.459537
-1.535491
-0.861020
-5.802078
-6.799557
1.318795
1.653968
-1.788160
5.404311
2.728582
6.081254
2.078426
5.058198
0.658070
-1.021258
0.559214
1.212885
-5.021643
1.162729
3.667001
1.241873
-2.027055
-4.416083
1.002489
1.244161
7.554832
-2.574196
4.499775
-8.161452
-7.227171
-0.755909
2.645663
-9.471565
6.603607
10.388578
1.678250
0.895422
2.367094
1.724866
-0.940662
-0.259891
1.308681
5.052353
-4.853275
-2.621903
0.229368
2.539841
-8.283888
4.085183
1.300856
-0.536973
-1.948901
2.346671
0.995643
-9.529785
0.466887
-7.193812
-2.426570
-1.949198
-0.382726
-1.130054
-4.465282
-4.929410
-0.204238
-0.932767
2.368205
2.967676
0.699148
3.803620
-2.015408
-3.423336
-4.808264
-2.013892
-0.637020
4.720451
0.038723
3.753395
5.299367
2.384439
-6.453030
0.007883
-0.629647
3.781225
1.175198
-1.897131
0.097141
3.484113
-2.312415
-2.254044
-0.564572
-7.789310
-2.846028
-3.683356
-0.711984
-3.148412
-1.916542
-7.518769
6.375803
-0.988825
-5.117454
-1.896081
0.333591
-1.818238
-3.526066
2.951506
4.840577
0.859949
3.220521
1.313393
7.932465
0.692637
0.162809
-3.941519
7.812352
1.280423
-0.082805
5.922268
-1.417261
-6.439659
4.129183
-6.314515
-2.222974
-3.376902
-0.745230
-1.145058
-6.139686
-4.200514
0.858757
-2.189371
3.597900
6.201873
-0.677855
5.078816
2.977188
-0.262239
4.029732
0.400503
3.599675
1.173647
2.900020
5.372591
-1.473937
2.050635
2.545007
12.352478
-2.957050
5.413422
5.954393
-1.718034
-0.677862
-1.969491
2.193582
-7.376427
0.985924
5.982197
5.484168
-1.196660
-1.192488
1.851284
-1.162844
2.113727
-6.587971
4.385971
0.764343
0.353515
-1.708813
-1.961442
-0.021471
6.419802
0.338173
-3.598555
-0.282783
6.086689
-7.208629
1.313632
-3.461596
3.398576
-3.728452
-0.030280
0.617092
-1.057836
6.579436
-2.833192
2.704679
2.854951
0.700423
1.120395
-7.184174
10.716238
-4.110690
1.297282
-6.196216
1.559926
-2.034403
1.122469
-2.220059
6.477013
-4.934615
-5.220743
-2.056071
-1.213000
4.256872
2.834743
1.065816
-4.928513
3.984759
-5.443369
-9.660197
5.846674
-3.462654
7.872619
1.021290
1.588562
0.130233
3.917505
0.788777
5.211449
6.350421
0.975993
0.036465
-1.107063
4.262309
2.657081
1.838052
2.928224
0.919995
3.685167
-3.073661
1.092912
2.330083
5.020055
-1.276673
-6.252912
-0.058930
5.412942
-1.829286
0.766786
6.679858
-4.471370
2.352701
2.876873
-0.794555
-2.646984
-3.662712
8.784660
-3.624968
7.272603
2.801275
0.353947
-2.054481
3.892491
-4.003637
2.107535
4.707406
1.600478
2.721050
-0.734978
1.194994
-5.435934
1.599638
-4.181190
-0.158918
1.171053
1.191525
-3.170204
0.973568
-5.932760
6.114012
-0.421216
1.667456
-0.477672
3.662900
-3.189529
1.309743
-3.911785
8.163787
-1.424041
-5.052169
-1.629798
-1.693427
-6.108115
2.085017
-3.262011
-0.845939
5.810534
-2.784396
-5.400324
-0.233652
-4.621480
6.198392
-0.589836
-1.392664
2.030507
3.715279
0.501351
-4.039377
8.165195
3.591166
1.153938
1.735010
7.638083
-5.276246
-2.247475
-1.186403
-2.620731
1.697241
2.657713
0.411285
-7.855633
-5.018871
6.755801
-2.817528
1.360844
2.067116
-6.566252
-1.681440
0.790832
-4.031597
-1.131326
0.352646
2.420018
-0.067810
3.493463
-2.605866
4.278406
-5.562623
3.629349
-4.877179
0.262293
0.546665
-1.837063
4.396209
10.096179
4.829151
-6.153976
0.371396
-0.423033
5.943039
-3.870089
8.163983
8.460955
3.993927
-0.151002
1.171170
-0.913258
-2.034886
-2.038314
-4.261542
-0.347570
3.031702
-2.477326
0.160745
1.433416
11.110589
2.661261
0.552732
6.455504
0.975275
-0.105953
1.722419
-0.378309
-2.725237
0.932535
-1.993293
-6.244832
-3.511950
1.896522
-0.497306
1.373666
3.298138
-3.333791
3.103081
-1.037747
-1.771776
-2.056704
1.533868
-2.439960
-2.947188
10.606884
-1.252544
-4.380272
-0.217701
-0.333329
-2.284857
-3.624685
1.856386
-2.641341
2.621731
5.724603
-1.594925
2.134146
0.853417
-0.774111
-6.824519
1.928233
4.563405
4.323377
5.960348
2.282020
-4.509408
-0.857436
0.373136
-0.977692
3.888179
0.776151
-3.537577
1.511495
-5.310333
2.352939
-1.177289
3.075981
-2.107747
-1.353375
1.329197
3.460869
2.976841
4.473813
6.121785
-5.308043
1.215528
0.386400
3.416672
-10.536656
5.530616
0.293687
-1.992441
-7.636959
-3.082397
0.306775
4.774447
4.911418
0.893790
8.155362
-7.789576
2.530506
-1.947022
-7.085141
5.848221
-3.221507
0.587065
7.729136
-8.130371
2.463881
-5.476348
4.340023
3.952995
-1.574033
-7.947931
3.607911
6.718884
-5.918646
-3.900774
-1.057502
-6.034030
0.786342
-0.982686
4.662685
2.382957
4.091630
-4.113198
-4.730428
-2.414956
-3.485684
-5.169211
-4.574540
2.506132
-5.234696
-1.330724
2.594248
-4.963981
0.055391
5.611263
0.276535
1.164106
3.191178
2.016050
5.116121
-6.352787
1.937366
3.735038
-1.272390
2.141082
1.275152
-1.792276
0.693596
2.641869
4.619840
-3.345788
-3.553916
4.279755
-2.810873
7.674699
-1.743129
-9.563057
3.985615
-0.406713
8.773559
-0.198770
-1.445898
0.822373
5.006445
-2.519883
-0.881011
4.561361
0.622133
5.281305
3.824277
-2.595551
0.359921
2.843192
-0.224336
2.158236
-2.028792
2.807079
5.736052
2.692223
1.755594
-2.110534
6.704938
-1.899690
4.268882
-5.299646
1.246625
0.574197
2.288469
2.261441
0.505913
4.310685
-2.261143
-2.812372
1.817599
-1.874828
-4.772357
0.747616
5.302487
-4.959241
6.260431
-3.364997
4.852375
3.019346
1.219318
-2.750110
-3.850038
-7.504596
0.771706
1.978678
-1.537450
1.547822
2.937093
-0.501135
2.663337
-7.900941
-6.628439
2.251553
1.049025
-1.472805
-0.329233
4.969839
-2.074289
2.234683
0.611655
-4.546174
-0.550902
6.974669
-3.364658
-3.583886
-2.828614
1.722857
-2.597771
1.942901
-0.018928
7.359445
7.604417
-2.679811
-1.627540
-1.892068
1.158604
2.767276
1.836247
0.411919
-2.796509
-1.318037
-1.015665
-0.304093
4.288078
-2.096449
-3.197477
-0.898506
-8.460634
-1.802563
2.545010
-3.758319
5.078854
4.568825
-1.559504
0.490168
-1.745660
-3.339088
-0.428116
0.361056
-4.428473
5.541598
2.924571
0.142143
-3.439485
0.871286
2.326259
-7.823630
2.438601
-4.404127
3.487346
0.831017
3.075289
4.379261
0.024733
4.238205
-6.262423
-1.625352
-7.558170
-9.215408
-2.100136
1.305635
0.189608
1.595679
8.135951
-4.819676
1.938195
1.358067
-1.773162
-7.365080
3.247782
-0.048146
-2.623074
-4.148502
0.022869
-4.737159
3.034613
-9.405715
6.206556
-0.323571
1.274500
-7.023088
0.107443
-6.584225
6.468388
0.288359
-0.265469
10.832303
-3.360526
-3.382954
2.014718
7.091190
-0.515238
-0.530166
4.693106
0.070478
-5.832950
0.701621
-0.999107
-0.265736
-2.236963
-3.848191
-0.585919
-0.600548
1.937624
-2.754404
-1.592132
-3.222461
5.716711
-1.021817
-0.406245
-6.338873
2.487899
1.773170
-0.285258
1.580414
2.212686
-2.407942
4.544430
3.152402
-0.550328
4.968345
-2.365684
-2.149012
-3.248640
-4.979668
3.327203
10.005175
-0.160553
-2.696581
-1.760809
3.847063
4.266035
-6.317993
-0.682621
-0.011250
1.410122
-2.495906
-6.554574
1.689637
-5.439691
2.664782
5.332753
5.453725
0.837497
-2.705131
-5.519560
-0.826288
1.306184
5.174556
-0.288172
1.924800
3.201471
9.031442
-3.761585
2.326587
2.251358
-0.438070
2.836303
3.058273
-3.159055
0.780417
-0.272511
0.521761
-3.159167
-1.043095
1.115776
-7.786722
3.401020
2.566992
-1.002636
-7.242774
9.796908
-0.070021
8.945851
1.687123
-0.016206
4.876766
0.687939
-10.059190
-3.917618
-1.597346
4.997626
4.404598
0.500669
8.732542
9.568513
2.258084
0.071757
-4.876171
3.203401
-3.850028
-5.889357
-1.688585
-4.999013
-0.205141
-0.736469
-0.081097
-0.026425
-0.719654
4.497118
3.471090
4.254062
-1.193766
-2.902994
-4.493923
1.509249
0.925720
-6.652557
1.208964
-3.106964
5.210809
5.726780
-3.549648
-1.531376
-2.286605
-1.835833
-0.971961
-0.426789
-4.649417
-2.205645
-4.388873
4.189499
-1.194629
-3.017057
0.450414
-9.377315
3.636357
4.735330
3.781301
-0.682227
-3.550755
-2.714784
5.208188
-0.840740
-3.304268
0.050304
5.107076
0.403047
-2.393881
5.652991
4.786963
1.801635
5.487906
-0.354921
0.244249
3.129822
1.211293
1.261465
2.603737
-1.995691
3.595681
-1.486847
0.474725
0.834196
-2.869832
-3.021860
0.075212
-11.373217
-4.896244
3.538427
0.108600
-0.742028
0.265244
1.561415
-0.939613
-4.438842
9.830230
-5.346498
-0.981226
-0.100354
-3.508583
2.149590
1.468961
3.530033
5.631005
2.656977
-4.059451
-5.263580
-1.556208
2.677864
-1.539565
5.728807
-1.982720
1.208350
-2.092577
-1.128106
-4.869234
-4.968362
2.753610
3.884583
6.752554
-12.618074
3.585498
-5.972531
6.240440
-3.431987
1.130384
-0.147843
0.405828
-1.642200
3.154272
-2.866456
-6.014884
0.619887
0.714359
-0.664569
-2.844697
4.576075
6.198047
-9.548781
1.571190
-0.578138
-0.238766
0.577506
-2.725722
-4.956551
2.337821
-1.218708
1.289865
1.257337
2.990708
0.340981
3.310652
5.304624
2.487596
5.625567
-1.362061
1.539611
-4.261617
-6.722475
3.211427
5.421399
1.862570
8.937342
5.248314
0.479885
-1.841942
7.399229
-5.790399
-0.744027
2.129745
3.910117
-1.183312
4.285060
-0.617468
8.506003
2.785975
-2.117452
-3.153380
-0.552809
3.883862
-0.180765
-4.789494
1.790679
-1.783350
-0.152778
3.402694
-0.936435
-2.642763
5.446609
7.093581
-1.770447
6.158525
-3.772804
-1.796632
4.069440
-5.516988
-4.436716
-0.551044
5.887327
-1.166101
4.399272
1.149742
-0.317185
-5.518313
6.131158
-1.589470
3.138103
3.810074
-5.491054
-3.434382
-4.192410
-4.474439
-5.338067
3.094905
-3.885723
1.391549
-1.619279
5.413793
-0.772936
6.829736
-5.977492
0.597380
6.517652
1.606723
4.363594
5.275566
1.697938
0.853310
-3.303518
1.011754
3.813426
0.193497
5.059369
1.133040
-1.858187
-0.279115
1.175556
9.211228
-15.079200
-3.237828
4.019143
-2.873384
3.462088
-1.206441
5.004031
0.657703
1.240375
0.783847
2.553919
-1.065309
-0.686538
5.287834
-7.718305
-4.356722
4.767750
0.988622
-11.083406
-4.907636
-3.750164
4.009608
-4.338620
6.102552
7.190524
-3.744404
-1.096133
3.268439
-7.143999
3.620383
-4.329245
1.264927
-2.008602
-2.797630
-0.507059
0.619514
-4.034015
-6.382843
1.668630
-4.228899
3.402073
-0.404856
4.814016
-2.637212
6.219960
-2.014368
2.566904
0.334276
-2.008352
3.019820
-4.146908
-2.041237
5.656734
2.692706
-0.126822
1.166750
-1.955478
-1.887506
2.131266
0.832837
4.343509
1.364281
2.109253
-5.884075
-4.262303
-2.761632
-5.512360
-10.479788
-0.826916
-2.023844
1.359028
7.664200
3.396171
1.279443
-2.389786
3.464087
1.596559
-7.066570
-4.047598
-6.893216
4.838946
0.740917
4.295889
7.336861
7.096833
0.870305
-1.767123
-0.478251
2.903721
-1.870207
0.373665
-6.204265
0.418807
4.713579
3.677551
3.560523
4.239495
-4.494333
-1.090762
1.041210
4.600382
-0.293346
-5.594374
-6.338202
0.305470
-2.576659
1.416113
5.715184
-5.225043
1.348128
-0.610400
4.004071
1.951843
-0.885885
-3.431013
-3.765941
1.788331
1.409003
8.201876
1.867146
-4.571882
-3.145210
1.319062
-0.076466
0.891306
0.088878
1.207850
2.371621
-3.671307
-0.845735
-1.679464
2.599508
-8.280769
-1.110048
-8.198126
11.304396
2.479368
-0.569961
0.479211
-6.549417
3.823255
4.810226
-1.949202
7.100170
6.730142
1.033214
4.518085
-3.456243
5.120029
4.712001
-0.847527
0.971644
3.675916
-3.905212
-1.081840
3.412832
5.205804
0.654575
-6.701653
3.949719
-3.035909
-1.233438
2.297634
-3.549493
-3.408222
-2.146250
1.118523
-1.415206
2.333467
-2.638862
-9.424591
4.185381
-6.053047
1.570125
2.309297
-7.520251
1.868940
4.686212
-3.419816
-6.002045
4.560127
-1.953701
-1.276729
2.911042
-2.916086
-1.740114
-8.485772
5.090930
6.746902
-1.890526
3.602845
-1.224983
-0.517711
-2.931039
-0.052667
0.523504
0.919777
2.495648
-0.529079
-8.659668
-2.084436
-6.075465
0.874408
-4.021021
-1.387149
-3.557077
4.411395
-6.596033
-1.374961
7.627310
6.389282
-3.730746
1.259625
-1.871102
4.641170
4.668141
4.387113
-2.637315
2.019056
-5.362371
-6.428800
0.747672
0.339544
-5.751085
-1.818013
1.273459
-0.409869
-3.269997
6.147775
-8.822494
0.162018
-4.177011
3.011662
1.306634
-3.866294
-0.561923
-2.689150
-2.626079
3.117493
6.046464
2.948437
-0.345892
0.387580
-2.807348
1.079724
-0.494104
4.362267
5.191240
1.296011
-1.879917
-1.961745
-5.167974
3.437099
-0.070829
2.276042
0.000315
-0.742215
-1.992243
0.614129
4.554901
-0.795227
-2.056855
-1.436684
-1.866012
-5.328240
-4.764468
-1.481196
-5.239824
-4.951252
-1.348481
3.611590
2.592563
-1.121766
0.659206
-0.386422
-4.292049
1.382623
2.039394
3.504365
4.035337
-0.904491
0.694581
3.842253
4.261225
2.054196
-6.059431
5.566141
-6.551888
4.510083
-1.344044
-3.428372
3.138999
-1.778429
-8.219047
5.747915
4.759886
-5.862942
0.319830
-5.134598
-0.642126
4.566746
-5.697682
-12.520911
-7.621049
1.575832
3.861605
-4.495223
1.671549
3.300520
3.814491
2.809464
-3.632065
5.517407
-6.591921
-0.580549
2.299323
7.151295
-6.605734
1.900038
3.104210
-1.820618
-2.664746
-0.062374
1.130298
9.110069
3.987041
-2.443886
-6.081216
2.529957
0.168028
2.505900
5.114872
-2.662756
-0.618884
5.722788
2.104759
5.911731
0.745603
6.846675
0.151947
0.799418
0.526790
-4.907438
3.348534
-2.989594
-2.694522
1.154449
-1.500879
2.812392
-0.742136
-0.623564
6.929308
-0.118320
-7.021748
-0.648676
-4.201204
2.209167
5.394139
0.327210
0.888283
-3.062046
-0.482773
-0.339801
1.506170
6.946942
1.475615
-1.515714
-3.906143
-1.853771
-5.871799
2.042773
-0.197555
-6.224183
-8.362611
-1.157840
3.228632
1.121903
-4.219024
2.803548
-3.342781
2.627492
-1.808437
4.886435
-0.192094
0.851878
-4.441950
-1.416078
1.171993
2.099265
1.677437
0.207409
-1.379819
-0.157047
1.073025
3.910097
-0.747131
-2.136560
-5.791088
-3.919016
4.061955
-8.051903
-2.843101
-5.075129
5.160843
4.513815
-9.931013
-0.505942
6.094730
2.447702
-1.184326
1.084045
1.291518
1.962590
3.845562
-4.376967
-4.635796
-4.349823
-6.706351
2.908421
1.676292
1.018563
0.794835
-4.228292
-3.616521
5.675251
-1.181077
-0.383505
2.532166
6.009138
-0.821190
0.426782
-3.635346
5.583026
0.777798
-1.208730
-1.459558
0.177813
-1.205515
-2.920444
6.263828
-0.014000
1.266072
-0.133056
-0.750184
2.929688
-9.956841
2.177631
-0.917597
0.854975
3.349546
5.260519
0.363191
-7.126138
-0.094267
-2.045895
2.311378
-1.076751
-4.539079
-2.701207
-4.997235
0.141437
0.450908
3.763180
-3.700448
4.180124
6.286096
-2.506433
-3.639061
-4.406389
2.195983
-1.871945
-2.053874
6.229898
3.829870
-4.959658
-0.135687
-3.508015
1.727357
-2.230371
-7.287779
-0.074127
1.486845
-0.054183
-1.202811
-0.450839
-2.580668
-1.658196
-7.897695
1.770448
-4.228681
-6.010909
-3.789737
-1.556065
6.971307
2.498279
5.476251
-1.225678
1.462994
-2.570834
-6.072063
0.960009
-0.260220
-1.194747
1.064125
3.086997
2.053968
-4.218560
-2.813288
0.054184
-4.963345
-3.144672
-0.880901
4.134771
-0.530257
6.319715
-6.417214
0.049058
2.461630
2.901602
-2.059226
-6.709254
2.790518
3.178490
4.803462
1.806433
2.477405
-5.187223
-3.537352
-3.659480
8.174292
2.979264
0.894036
-0.399893
-0.396321
-0.562849
1.406023
-3.778905
-2.839733
-9.766061
-5.314590
-1.034018
-1.707346
-3.213074
-4.925202
4.960870
-8.483839
-1.914587
-4.989816
-5.409444
4.450728
0.360500
1.623772
0.143244
-2.480484
3.229587
-3.504441
1.987531
-9.762997
-0.195525
-2.775553
-1.832481
3.049391
-0.612237
-0.891366
-0.797695
-3.285522
12.844249
3.282221
0.617293
-0.229235
6.311137
0.279409
-3.106820
2.743052
2.440023
-1.887004
0.326168
-1.528160
-0.842089
-3.966817
0.198054
-6.969573
0.381799
-2.370729
-2.198858
5.973713
4.922686
-2.823743
-3.469071
1.591501
-4.113027
-0.648355
-8.469533
-0.361212
-4.899240
-4.659868
9.228404
-1.781125
-2.239653
-8.421884
5.620292
-5.593837
0.419835
-4.730994
1.929178
-4.047250
-7.694688
3.478094
5.426066
6.459038
-0.018590
-2.202419
5.026953
-3.739975
1.069797
-6.889331
0.836941
-2.508788
-0.056517
-3.143744
4.104728
-3.066601
3.820671
-2.723057
-0.350786
-1.847314
0.215058
2.006530
-1.762098
1.289274
5.683446
-2.430482
-0.742010
2.462360
-2.029567
-0.309795
-1.055624
-1.518352
-6.770380
0.420193
-2.858036
0.140737
0.143608
5.336079
-1.520649
-2.920277
1.312895
2.576967
-4.445061
-3.189590
4.952883
-6.009546
1.668825
5.677797
-3.599431
1.976742
-3.320387
4.948685
-1.372444
-0.453472
-0.343200
-4.509528
-5.296056
3.235516
-4.621913
2.398458
2.238431
0.967203
-6.811925
-0.831254
8.300318
-2.710710
2.448261
3.470233
1.716206
6.914177
-2.067751
-4.022779
0.120793
-2.352935
-7.138663
2.954009
-4.806420
4.606952
-3.648776
1.921896
1.886868
3.373839
4.490811
-0.678216
-0.127846
-2.598174
7.919698
2.649671
1.012342
6.446614
-5.202414
-0.941343
1.465229
-6.629499
3.802473
3.481445
0.374717
1.496387
-1.331840
-3.682368
-1.916697
-8.285905
3.657248
-2.344681
0.693091
-1.720838
5.396134
2.056107
2.110078
-4.644150
4.150023
-6.158606
5.160966
0.075238
-5.625290
2.977880
-0.920447
4.287825
-3.739703
-5.175732
-0.140960
0.102612
5.107684
-1.148643
-4.414673
-3.460301
-4.725829
-0.047757
0.875615
-5.184213
-2.368742
4.415430
-3.573398
1.473774
5.019345
5.049317
3.379290
4.810261
-4.666067
2.280205
-7.684234
1.219249
-1.225680
-0.206508
0.636364
-1.910665
2.590007
2.789979
10.325952
-3.391777
0.402895
-3.614433
0.446439
1.892811
0.845383
0.236053
-5.867675
2.543697
-2.603930
5.789641
4.693613
0.683285
2.595557
2.742528
1.775500
2.022472
1.992444
-5.366284
-1.758312
2.788360
3.523331
4.201303
1.540275
-4.349453
-1.009982
4.409190
0.695662
2.194134
-1.104995
2.311077
-2.016651
2.392021
-2.713207
-0.018435
1.256536
-3.427792
1.990880
-2.776348
3.403824
-2.010104
-4.017532
-0.235460
0.643612
1.131583
3.267654
1.273626
-4.701302
-0.691530
3.217543
-0.366986
-7.366114
-2.947842
-7.285471
-6.451999
6.250373
2.053345
-2.669483
3.734289
-1.513139
8.493232
0.840504
-0.568725
3.528148
-0.675481
-0.523309
-6.068037
1.675035
-3.334794
1.450978
-1.917750
1.855922
1.892894
-5.930334
5.332838
2.706809
-4.360919
1.760753
3.419724
-1.813004
-0.014332
2.550640
4.267612
-1.490516
2.828556
-4.623773
3.044499
-3.616329
-2.288257
-9.112985
3.523387
2.154359
-4.446869
3.637301
1.823274
8.533246
-4.194582
4.923189
0.763362
-1.286366
4.628104
0.820176
2.170049
-4.190080
-1.909608
-3.021336
-2.713165
-4.140893
0.188379
2.089851
4.186823
0.536895
-6.280633
2.845738
5.008710
-0.947719
-3.718647
5.188625
-7.385902
3.957569
3.595541
1.832513
10.743484
1.975457
-0.580071
-1.467900
4.164372
1.951344
-6.034184
3.272287
-0.139441
0.570131
2.302202
3.847175
1.543146
5.428119
-6.360510
-3.991838
-1.695765
4.643005
1.783978
-1.753651
-0.020979
-0.942807
2.525865
-2.530863
-6.333992
1.340780
-8.037818
3.027723
-7.239305
-6.235533
3.235640
-0.526890
6.128582
0.963254
0.452026
0.316898
-1.359830
3.732442
5.059414
2.327386
-4.123842
2.254329
4.800301
0.125173
-4.545255
3.311216
-0.098811
-3.499839
1.856133
-11.415195
2.510076
-1.694753
-0.060481
-5.281909
0.706863
-0.596664
-1.741594
3.300879
-6.503550
-2.147978
3.806794
2.624765
2.219738
0.404308
2.805680
-8.434068
0.541425
4.063597
-8.809003
-1.854060
2.837512
1.267484
-2.121445
4.702427
2.341399
1.758371
10.184343
6.012315
0.853687
-3.397441
-1.939269
-6.395298
0.802474
-4.104754
2.310118
4.820089
3.615062
1.578033
7.772006
-6.319624
3.901948
-0.667680
-3.257008
-3.414236
5.679836
-4.512492
-7.655321
-13.165949
1.125523
1.363695
1.487667
10.036639
2.136611
6.364581
2.806554
9.611525
9.059498
-3.777931
-1.583659
-2.638387
-9.854916
-1.732844
-1.779772
5.098300
3.043272
3.093244
-4.393684
-1.155912
-1.888840
-2.281969
-3.426497
11.160074
0.937946
3.863018
-3.904809
0.949263
1.284934
-1.224294
2.095878
3.691849
1.545821
0.820093
6.027765
-1.387363
-4.240491
-7.020920
2.185652
-0.099477
1.444595
-2.723632
10.667540
-5.918189
-1.658418
2.676455
-0.297574
1.283399
1.740370
9.061341
-4.501486
5.523286
3.025257
5.472229
6.261201
-5.135227
0.724845
-0.611683
0.781589
6.806061
0.847933
-3.789196
-5.253425
1.759948
-7.419381
4.802891
0.136363
-4.852165
-4.235293
2.695779
2.186750
2.358722
-3.476406
-3.496334
-1.546462
-1.183090
1.025882
2.261553
3.072524
-0.438403
1.345469
2.296440
-2.298088
5.756383
-1.500845
-4.569273
-1.909601
-3.918729
-1.494957
-0.599985
4.378187
0.995658
3.669129
3.542102
5.659074
5.243046
-3.501782
2.572989
-1.913439
-5.590567
-5.566195
1.416876
-6.878052
-1.950480
-1.437508
0.034464
0.825936
4.647708
1.095079
2.405652
-1.568877
1.501595
-5.995133
0.048239
-0.249390
-1.674618
2.860454
-3.512475
-7.744403
-6.842331
-3.210059
7.219313
1.035185
2.467256
1.841228
-3.701300
9.203172
-8.467076
1.950116
2.926087
1.322059
-1.454669
0.611703
-3.193326
-5.606254
0.987418
2.674891
-0.737938
-5.384166
-6.085894
4.072777
-4.445351
-4.292979
0.895293
-0.364736
-2.514463
-3.453491
-1.115419
-2.741447
2.372523
2.097495
3.393468
-4.538061
-0.563989
-1.502417
-3.454645
0.571926
3.349298
-1.759530
4.443242
-1.819586
-2.781714
-4.111243
3.878129
-1.944099
5.847073
-4.882655
1.707017
1.701988
-3.126239
-7.130969
-1.385797
-2.379525
-1.887253
-2.413381
-2.436709
-4.238837
-3.581465
2.756707
-0.256721
-2.211550
0.439322
-1.868506
0.752766
-3.059762
-0.505590
5.201482
-5.380947
-4.081475
-0.916003
-0.300832
0.003341
5.965312
4.244285
-2.271444
0.044427
3.505199
-7.078829
-0.661757
4.325115
1.102087
3.072059
0.536730
-3.451098
-0.534527
-8.161055
-3.951882
-4.801210
1.878861
-2.889967
-7.027896
3.532776
0.717248
-2.835280
-5.672508
-0.878336
-0.009064
3.720608
2.546579
-1.671149
1.826523
4.981495
0.804366
-2.609161
-3.105490
4.040382
-2.919346
-1.977274
-6.010103
0.816070
4.973241
-4.936387
0.260285
2.995157
-3.595271
-2.846900
-1.544328
-2.180656
-0.868284
-1.096112
0.561359
0.610930
2.160902
-5.583126
5.203846
4.423819
0.030790
-4.185038
0.899035
-4.440595
2.367677
-1.652451
10.867621
-6.242107
2.635565
-2.395663
6.278509
0.238781
-5.486948
0.008023
-2.476005
-4.707333
3.447339
-3.612089
1.789283
-3.404945
-4.012973
7.401199
-2.411430
4.963142
-0.529387
2.718086
-1.801442
-2.630470
8.535000
2.507973
3.260944
7.214916
-1.572711
0.580661
-0.565468
-0.729696
5.391775
-0.817253
-5.630081
-1.931109
1.445663
3.224635
-4.348994
-1.936722
10.890551
-1.101378
7.957493
5.396465
3.102438
-4.193891
4.772382
1.241353
-4.375175
2.454296
-6.674432
0.865240
1.874212
-0.932015
7.338157
1.676128
5.322100
1.882071
-1.186957
-0.502985
2.356987
2.236959
3.560930
4.175902
4.980873
2.980845
-2.836183
0.350889
-2.588839
0.126033
-6.365296
0.328676
-2.245852
0.208120
-7.429708
1.731564
3.133535
-0.289893
-3.504021
-1.593750
-1.242777
-2.169106
-4.590134
-2.356562
2.193311
3.330282
5.556254
-0.778675
-2.823003
0.130869
-6.381759
-2.045187
-2.274115
1.127057
0.496329
5.486001
-0.388428
-10.270056
0.220515
3.057888
-10.460640
0.477832
-4.967297
1.882774
-0.345754
0.511619
4.770690
6.362662
1.435634
3.092606
5.039577
-6.768451
2.399521
-0.540307
1.298465
2.001436
4.654408
-2.699220
-3.789148
-3.231176
3.850295
0.026367
-15.205561
0.728911
-3.988317
4.810155
0.126328
6.752098
-0.726530
1.546041
3.534014
-4.490714
-1.492642
3.176929
3.213902
0.482874
4.358845
1.705816
-4.875812
0.607361
1.714732
6.470704
-4.318324
3.304647
4.846619
-1.145009
2.704563
-5.296665
-3.210293
-4.307622
-3.213150
0.740722
0.159894
1.391366
-2.864362
1.409309
0.064481
0.611253
-0.745576
-3.533004
-0.060431
-4.385660
0.596412
-5.850016
-3.448444
-1.293872
5.145999
-0.186929
3.483943
-9.249660
-2.373013
4.925858
-9.180568
2.257803
-0.878626
1.355746
6.497717
0.353889
7.402661
1.784634
0.859605
2.151577
-2.767552
-1.007980
-3.869108
-0.026136
-1.793964
-7.684292
-0.995420
4.043350
-0.370977
5.947294
1.121266
-4.689662
0.588810
1.896182
7.984154
2.398126
-4.961503
-2.914731
-0.728759
-0.175687
-3.077315
1.121957
-2.797871
-3.990299
2.896872
0.974844
-2.704784
-7.944112
-2.881041
-9.523759
-1.103097
7.104674
0.261347
-2.795682
5.203590
2.258562
1.311534
-0.187494
-0.716922
1.826449
-6.312379
3.024393
1.260365
3.803337
1.722308
-1.405119
1.376251
-3.473776
5.058195
-10.431633
-2.259761
-6.349689
0.194483
-3.913146
0.799026
-4.814502
4.523970
-4.272158
-0.951086
-5.753614
-2.593342
-7.406370
-1.455998
2.838773
2.292745
-2.453683
-1.891012
-4.171940
5.874632
1.072604
-0.554724
1.622548
7.433519
2.507491
1.760463
-1.781765
-5.924193
-2.717521
1.765350
1.865322
-4.945606
-0.095935
-4.413463
5.754210
1.800181
2.213153
-1.309875
2.363096
-1.589632
5.771040
0.938012
-4.200716
-3.407145
-3.337473
3.243898
-0.894929
-3.993557
5.213815
2.748787
-1.851341
4.366731
0.666903
-1.625327
-1.170554
-0.933483
-3.003311
-4.764739
0.061833
2.455505
-10.979223
-1.413551
1.981421
3.807392
7.281364
-4.140664
-3.231493
0.326380
-2.005048
-3.758077
-8.692535
-3.442034
7.317138
2.167110
-6.026917
4.472054
2.119025
7.068996
-9.325288
-5.254059
-1.179787
0.972885
-6.144943
-2.528472
-4.915600
-0.220428
0.018543
5.723716
6.825688
1.477659
-2.569969
-0.231796
-10.087575
2.376546
-0.135082
-0.273109
-4.693038
-4.082066
-1.414994
1.155377
0.318650
-2.178278
-1.837107
0.386564
3.026237
-3.209392
-1.390820
2.764153
-2.303276
-8.909605
-4.740233
1.049039
3.253011
-0.291117
0.138755
1.982927
-4.000802
3.070869
-7.357759
-5.449186
0.432886
-0.739042
-8.039271
5.585701
-2.782827
0.324445
-8.396294
0.409489
3.052560
8.099533
-7.881696
8.293476
-4.044653
7.114419
-1.897309
1.136363
3.356335
6.420307
4.307279
0.540751
3.786222
-0.756805
2.013165
-4.084463
-1.647391
2.624082
6.293054
2.987025
-3.265503
-0.219032
3.002940
-4.634788
-1.213216
-0.518744
7.584828
2.608799
2.739771
7.563744
-1.032886
2.083687
-0.141142
-1.841269
1.889602
8.685573
-4.260155
2.395517
-1.048410
-1.005239
-0.439267
5.591405
4.091377
5.520349
-4.456980
-1.194408
2.440264
0.429536
4.461207
2.339180
-3.697449
1.968123
0.033895
-0.050734
3.272038
-5.662990
3.310982
2.261954
1.052926
-10.498302
2.627869
0.240741
-4.767787
-5.994915
6.561756
0.263828
-1.699500
-2.391428
2.621644
1.595615
0.956588
4.446559
3.739532
5.112502
-4.088926
1.183446
-6.951682
4.084390
-0.502338
2.589334
2.447306
0.384478
2.858250
5.052220
-0.724307
5.285165
-3.320364
-4.611892
-12.238219
3.945052
-5.207876
6.995996
-5.193332
-3.583761
3.923911
0.714883
1.531855
1.882827
-1.552901
-4.127430
1.708742
-2.455486
-2.625614
1.677657
5.334630
-1.479299
-0.899828
0.913545
5.015516
-4.749112
-5.775540
2.209433
-1.511196
8.119374
-2.702253
9.445319
1.456291
-3.080137
3.993235
0.183307
-9.666211
4.893150
4.407123
4.451094
5.376065
-2.128263
-0.082591
5.738981
-3.063047
1.188925
-7.166903
-1.182731
2.378840
0.187412
-4.312816
-1.766844
-0.979172
-7.170500
-1.333029
-5.064857
5.979614
-1.594314
-4.592142
1.330530
-0.118498
-0.101625
-9.164975
-1.942483
2.705389
3.663362
-1.078167
-4.374795
-3.320724
-10.373972
0.969220
0.684192
4.505164
3.044136
1.831107
-0.500720
0.212252
-3.269176
2.955995
-2.684834
-4.972262
-9.209480
-1.409418
-8.782125
4.221826
-0.189502
1.958770
2.812742
-2.364887
-0.791016
-4.602343
7.850628
0.915601
4.736572
-2.317856
-1.866885
-4.036413
6.341459
2.494431
4.634403
-0.084525
8.318346
-1.727082
-3.126310
-2.078038
-3.838466
5.954206
-7.411622
-7.072251
3.447121
-4.317307
-2.240635
5.452037
-1.215092
3.728980
-5.239848
1.369925
-4.151005
-9.915012
-2.342661
-1.823689
-4.479717
-2.601545
10.389727
1.519699
-1.040929
3.383643
0.164114
-2.518115
5.030558
0.853530
-2.830698
-3.586027
-3.302055
-0.291083
3.919388
0.839360
4.742332
3.218304
-5.206824
-3.580153
-3.878981
0.737191
-4.567137
10.345134
2.804107
-6.960621
-1.781850
3.225021
1.609994
5.548965
-1.117063
1.828909
1.281881
0.791853
-0.688675
-1.605703
-3.246632
-2.914760
5.526711
2.020684
0.294756
1.499628
-0.290501
-6.658528
0.187544
7.202516
-1.754213
-2.131942
4.118430
2.375402
3.546374
1.407346
-7.827683
-1.303111
-1.032539
-3.752267
-7.510995
2.811177
-3.808051
-2.529580
2.889091
2.011064
-2.878864
5.100007
-3.111521
-3.491049
2.020923
-3.100406
-4.268434
2.308838
0.970810
-2.315818
0.225954
5.013726
1.524698
-2.256431
-3.661759
-2.691787
-2.050815
2.954556
0.212729
0.266900
0.661472
-4.944056
-3.467484
-3.514713
2.494359
-3.154669
5.154304
-1.280125
6.693248
0.541219
-0.873510
-2.798938
-9.279976
-1.956794
-2.151822
8.866049
2.249021
3.558992
5.095964
0.135636
6.676908
0.700880
-5.442948
1.438824
-6.913105
-3.352233
1.090739
3.458711
-0.574117
1.051655
4.538627
-10.393511
-0.756229
4.950541
-3.248386
-1.264814
2.917458
-3.811471
1.009401
8.915374
8.181346
-2.461683
1.889289
3.426260
1.833232
-1.734496
-6.198724
-1.303252
2.426120
-3.849909
-6.876537
6.536035
4.927007
6.385978
-5.085949
-6.586078
3.754893
2.634866
2.786838
3.582809
3.152781
3.506753
3.979724
0.014996
1.141668
-2.398760
-3.233488
4.331584
-4.119544
1.548528
-6.034700
-1.700929
-2.558658
2.621414
-7.066113
-2.025042
5.672330
1.410302
-2.441526
2.096246
-1.604182
-2.234810
6.467160
-3.634967
-0.665595
-1.943723
-2.032151
-0.504580
-10.408438
5.530964
-3.341764
0.086107
3.753880
1.356852
1.126823
0.352795
-4.317434
7.401738
1.815710
2.273682
3.245654
1.722626
1.125597
1.653569
6.737541
-2.665787
-0.934216
0.355456
-4.435771
1.750401
-1.714627
2.043344
0.864315
-0.300213
-2.852941
1.696231
5.667203
2.427175
-0.674153
-0.026681
2.067091
-9.516528
1.651033
2.577005
-8.091022
-3.373550
-0.319578
4.872893
-1.916336
-9.008823
-1.480891
-0.263220
-2.745448
9.038724
7.505696
2.559667
-4.471061
-4.106989
-3.701617
-6.679345
2.870526
-3.229502
-4.668931
2.020442
-5.095787
6.319385
3.738358
4.081329
1.136301
-2.748727
-1.735354
-2.944884
5.937188
-4.149040
5.071132
-1.055296
-1.992524
5.418048
-11.925680
-2.210308
1.689963
3.275934
-0.424294
-1.295522
4.086850
-2.928577
-1.694305
0.325767
1.453737
1.906709
5.425681
-1.125347
-10.083725
-2.423803
-10.065702
1.122540
-2.544988
-1.410216
-0.581644
4.487428
-0.617901
9.589371
-3.545658
-3.867486
3.059286
0.101559
-2.291270
-3.019298
0.741174
2.157146
6.831117
-10.401971
-5.596039
4.808033
-2.849395
-2.049923
-0.728651
-4.910180
-2.282608
2.534864
-2.999364
1.739807
1.582779
-2.611049
-13.354377
2.755695
-1.250533
2.281638
0.025710
4.174582
-2.041846
6.181525
1.612497
-5.063530
3.045441
1.551413
7.334385
-2.658544
5.609328
-0.378099
2.139272
-4.243556
5.810215
2.924188
0.888159
-2.827069
-7.544897
-2.059525
-2.321353
-8.842981
0.117990
-2.720338
-2.145566
-0.468695
3.532878
3.848849
-1.722579
3.261793
-4.361135
-5.313363
-3.118892
-0.136220
1.200652
-2.975976
-8.189504
-4.115632
-3.095760
-4.669989
7.151484
-6.965345
-5.804973
3.736399
1.226371
6.126342
-5.133586
1.428286
0.185257
-5.493871
-1.936099
2.515173
-2.606556
-2.244284
-4.070312
2.775060
-2.747268
0.014104
-2.144424
-1.309652
-0.461480
3.773890
-1.506437
-0.174166
1.611807
-2.109221
2.696751
-3.775478
3.316694
0.906666
-1.475662
1.480609
-1.259519
1.387553
-0.413875
5.225497
-0.979531
-1.978159
-0.670689
2.035383
2.018355
-5.070172
2.351299
-5.975229
-1.546057
3.823215
-9.667684
-4.442542
0.821130
4.016102
-0.764326
-7.811155
2.147017
4.875989
8.112962
-0.680267
-1.412995
2.063877
-2.795151
0.189820
6.879791
3.128763
5.652736
-8.899492
6.991680
-3.799049
-4.303777
5.960595
-2.966433
5.877539
-10.256140
-0.493418
-1.968146
-4.643374
3.831398
-0.841130
-3.019659
-4.491686
0.221285
0.123257
-4.554872
0.296201
6.865171
-0.905856
-1.968685
0.131087
-6.640541
1.077031
3.363003
-2.166225
5.070947
3.494918
-0.807410
-1.412639
-3.878366
2.724806
6.838778
0.529750
5.822721
-1.298007
-0.773235
-2.073264
-1.341192
2.284580
-3.579048
-1.812976
-5.994004
2.072468
-2.953760
-4.005488
2.185383
4.209354
-3.153073
1.988298
-8.621329
3.386243
2.250215
1.869185
3.929157
0.022129
6.835101
7.371074
-2.747455
-12.371083
-3.582612
-0.558740
-5.272068
-0.277496
4.344875
-1.831152
-4.168781
-1.073309
9.446763
-4.326565
2.290707
2.365679
-1.362149
2.539622
-5.191406
0.564566
2.211537
1.583509
4.889481
-1.392847
-9.303795
4.454397
-2.437231
1.832340
-1.337587
-2.334316
-1.290444
0.815228
-7.164300
-3.768629
8.301143
-3.993585
2.987087
-2.791542
-6.504970
4.229002
-1.931426
-0.369154
-1.399982
-2.147511
-7.620639
5.111833
-2.620595
6.735776
-3.400151
3.140720
2.577691
-3.409536
0.316635
-1.977592
6.982580
-0.014449
-6.260177
-1.613405
-1.464833
3.932438
6.795409
-4.358218
-3.809246
-2.305574
-1.055202
-1.030331
4.144241
-2.856687
-1.964715
-2.843443
3.848128
-0.540000
0.337072
-7.405856
2.363016
0.724988
1.852959
-3.797069
1.593903
-0.004126
-0.315853
-1.268381
3.211791
9.305761
3.825733
0.942705
0.585677
3.515650
-12.856479
2.812593
1.471564
6.498536
-1.480991
-3.581120
-6.759048
0.998424
0.291396
1.477367
-8.385661
-0.863989
3.378283
-6.103345
2.531226
2.448198
0.372170
1.186142
-1.531086
1.834086
1.085057
4.200029
6.821002
-0.802427
0.897945
-6.520883
2.836889
2.940861
3.068831
2.607803
1.986775
1.465748
-6.652680
2.303692
-3.333037
-2.549066
6.911607
5.880578
0.611550
-1.284778
1.503494
-0.019535
-8.234063
3.109409
4.770381
-2.334547
-2.424775
-2.832303
-1.667531
7.117240
-1.603389
1.617184
-2.365445
-2.934973
2.453099
-1.318429
8.922044
2.720016
-1.270513
2.384958
0.987930
-1.143398
-1.538626
6.555845
1.251818
-4.668310
0.621761
1.299733
3.688704
2.332677
0.482649
-8.542979
-3.569007
0.957564
0.892535
5.105507
0.238480
2.749451
1.123423
7.595394
-1.981534
1.879338
1.743310
6.069282
4.438253
-4.944774
-3.008203
-0.378330
-4.649559
-6.702188
5.051085
3.836057
-3.897372
0.464001
-2.626228
0.583944
0.156916
-1.056712
-0.762240
-7.244369
4.178802
-8.040026
5.530746
-0.525381
3.239691
0.890662
5.125633
6.269606
-11.560423
-6.888651
2.237521
1.932493
-1.704535
-3.944764
6.969409
4.582380
-0.685548
-3.322676
1.858295
-0.685832
-0.657861
0.567211
-6.802217
7.385155
-6.013874
0.323098
2.770070
3.601043
1.759013
-3.480815
2.951958
4.309929
5.061901
0.452873
-1.340655
5.382817
3.307789
-0.711239
-0.368468
-0.717096
-3.843524
-0.251352
-0.180381
0.939591
-2.459136
-10.322796
3.493506
-1.435922
1.742450
3.533422
4.006394
-3.124634
-3.385662
0.238309
0.186281
-1.619147
2.058225
-6.139203
1.665169
-2.614660
-3.124887
-2.457816
1.348057
1.342028
0.912000
-1.428828
-3.449657
-3.964485
0.605887
-5.160541
3.679831
-3.581997
-0.890926
0.248746
-1.895382
0.996690
-0.529338
1.520634
-1.307795
5.244576
-3.439152
-4.232780
-0.594007
4.987464
2.363437
-1.876693
2.081379
-8.894548
-2.906277
-0.706805
-0.447633
-5.575861
-3.746490
7.276181
2.814154
-0.668274
-1.141902
5.022070
-0.423259
-3.880486
1.719985
-3.634643
-3.057072
6.157900
-1.041327
3.524844
8.317816
-0.354212
0.748760
7.297731
-3.084896
-4.212824
2.750647
3.573619
3.997591
-1.832137
-3.463866
-3.288994
0.385477
3.641449
-9.104178
-0.907907
-1.432335
-3.521463
-3.510791
-0.015720
3.400252
2.897223
6.135196
1.049168
-5.292861
1.629111
-4.974817
4.582054
-3.662573
-9.850641
-2.097330
-0.827658
7.013914
5.968885
-4.190242
-9.072770
3.050801
1.136773
-2.644255
0.599717
-1.312811
-5.532639
4.173633
-3.586395
-1.791623
2.315548
-5.263881
1.135491
-7.719236
-1.217464
-0.758193
-4.903221
4.482350
0.392323
1.404294
5.345266
-1.681762
-3.715990
-8.709419
1.024153
6.576124
-3.299703
-6.397232
1.090040
-4.983888
1.839984
-9.401745
5.218927
-4.671801
-2.372529
3.854843
2.035815
-2.452913
1.633759
-2.466369
-0.457098
3.525674
-5.277254
-1.598982
0.764589
-3.930638
0.552533
1.192506
-1.104023
-3.675451
-0.249579
1.915392
4.658364
2.458336
-1.607192
2.155280
-4.340549
4.897223
-2.423005
4.250167
0.908139
-0.470389
3.133082
0.966054
3.616026
-5.297203
1.022969
3.000941
-8.736787
-3.628716
-9.014244
0.691828
-4.060400
-5.118528
1.772744
3.500716
-4.651612
-1.947640
-5.716468
-8.983997
-5.082725
11.124547
3.578519
7.017491
-5.083737
-5.297066
4.323406
6.849378
7.941350
-1.247679
-2.861307
-2.626335
4.202237
3.355209
-1.508119
-3.796247
3.946124
4.434095
3.477068
12.520040
9.171012
-3.642217
-0.027045
-0.933674
0.421899
-1.692530
4.913842
-6.177586
0.286786
8.975757
-5.409571
4.153701
2.363673
4.680645
1.517617
3.337588
-1.997739
-6.248767
7.539504
6.946476
1.305448
-3.939880
1.317391
-2.544637
-5.527465
-1.333793
-2.177421
1.734251
-2.111777
-0.864506
-0.497834
0.634138
-1.889290
7.499082
-3.089646
-5.221575
-3.217703
2.737968
-8.216359
4.501911
4.874885
-5.874345
-4.362772
1.127799
-4.194028
3.545743
-3.253585
-3.669913
4.110658
-6.069569
-2.443098
4.061575
0.392546
-1.971882
1.093490
6.213461
-8.653967
-4.977695
2.035377
-6.538152
1.846320
4.822292
2.756264
1.582236
2.577209
-7.500121
-3.902748
5.362123
4.894094
1.223066
3.367039
1.847011
-0.188019
-4.178545
0.001925
-2.822602
1.787869
0.260842
-2.409086
-2.036516
6.346757
0.132729
1.180701
4.187672
-6.518755
1.829616
1.601588
2.234560
2.509531
-2.435097
-3.809725
-0.003553
0.295419
-3.142310
-2.897038
0.004334
2.363306
-1.121422
-5.781951
7.758221
-1.568707
-3.023035
2.079137
2.609109
3.456080
-3.993348
2.783025
2.281996
4.841968
10.642940
-2.375288
1.909883
4.177855
1.020827
-8.104101
-0.153229
1.227742
-3.202787
10.524687
0.379657
2.802630
3.300601
1.658574
-4.903155
2.269517
-3.467211
1.522461
0.573433
2.879403
2.722377
-5.845152
4.441319
-2.474909
1.743263
-5.836865
0.739207
-3.801621
2.553150
3.931122
-6.671006
-7.127734
0.911037
-2.706590
-2.438318
-3.779047
-3.665775
-2.451702
2.878868
2.030841
-6.166188
-7.653017
0.524756
-0.971473
3.171700
4.650671
0.912644
-0.971985
-3.934714
-1.079841
-1.921970
0.293503
4.157474
-3.384553
-3.169582
-2.520810
-0.863738
-7.347568
1.555305
-2.646824
4.524249
-4.313580
-4.707208
-3.028636
4.466136
0.172108
-0.400920
-4.558248
-1.276777
-0.701105
3.634967
2.785938
-9.072089
0.670882
3.639853
0.052827
-4.299303
-0.410231
4.339742
2.200713
-1.883615
-1.579644
3.689629
-5.079000
0.886573
-9.191456
-1.478483
3.617488
5.913459
1.530432
-0.128597
4.283376
-2.727553
-1.894180
-4.463310
4.024262
5.995234
3.464206
2.572178
-0.605851
-2.243778
-0.436907
3.655065
7.750036
7.576010
-7.787719
-1.203847
-3.628976
2.455895
0.454867
3.431840
0.935811
-2.398517
-3.621045
-3.077974
-3.610201
1.303670
0.506642
-4.912386
-0.873713
6.784557
4.781529
7.451502
-3.192127
2.044446
-5.101083
1.204390
-7.563739
-2.616868
-5.637795
-0.043724
-1.129552
8.540220
1.465191
0.472163
1.357135
3.367107
1.208078
-0.189949
-0.769878
0.776994
-2.460434
-1.060062
3.157909
-4.372118
1.334853
2.619824
0.359797
-2.648831
-3.465760
-4.474988
5.848684
-2.568344
1.810628
8.302600
-0.268428
0.328543
1.263515
-4.384813
2.474459
-0.781369
-3.414298
1.762375
5.510345
1.779319
2.145289
-0.411739
0.536233
-1.245195
-2.864723
-4.905951
0.761121
-2.940208
-1.454736
-5.585064
1.709008
3.824980
1.501951
3.852923
-3.560105
6.903866
0.572839
0.536811
-2.257817
-1.260345
1.012727
-10.389533
0.663670
3.596642
-6.772587
0.731586
2.598557
2.301529
5.882501
0.722472
-5.945955
-3.876284
-1.300112
-1.935241
2.029330
4.774303
3.165275
-3.232052
4.699219
4.942191
0.913162
3.771133
-6.873994
3.816077
7.140050
0.162021
1.492994
-2.199835
0.483937
5.621908
7.129880
3.400853
0.200824
-1.381403
0.784767
-3.896760
-2.561289
-0.005317
-3.887145
-2.333773
-6.383501
0.361570
-2.603058
4.137514
-5.642114
1.873458
-5.825370
2.111401
-2.107726
-5.585855
-2.494683
0.274288
-1.948239
-7.664968
2.860204
-1.617224
-2.271253
1.337120
3.392091
3.125064
-1.976465
2.991006
-4.753621
7.525950
-5.381577
2.845894
-0.945033
7.934838
-0.878591
-3.708418
-0.737247
-2.001274
2.859696
1.457668
-6.137760
-1.033487
0.660584
-10.167964
-4.824372
-0.056500
-3.765729
-9.421257
-1.423285
2.816387
-2.424642
-3.540469
0.778302
-1.289526
-3.152554
0.948217
0.319189
-5.247038
0.307134
-2.604495
6.349076
-0.741951
1.952020
0.916993
6.753964
5.756936
-3.154892
-2.137221
3.139852
-1.168977
-6.670904
1.236767
3.402739
-8.030089
8.134682
6.716654
-4.428874
-4.095201
8.253570
2.854541
3.739513
-3.816415
-4.105543
5.413428
-0.598599
3.673372
-6.258156
-0.698685
6.220287
7.371260
-8.339068
-2.603896
-7.474324
3.249146
-5.021181
-2.611110
-4.594638
1.182034
-3.926694
1.861979
-1.145051
-1.513778
4.824893
-0.063134
14.415836
-3.831192
-0.048220
-1.414548
-3.711375
2.991695
3.761668
-3.115261
4.629611
1.075583
3.899554
-1.929072
-3.447602
-2.953929
-1.786658
-10.264006
-5.364614
-2.667742
-5.467570
0.740302
3.834273
3.087245
-0.054784
5.997188
-5.519839
1.007133
1.400105
0.842076
-5.346752
1.824019
-5.879409
2.038963
-3.952365
-4.244993
-2.149822
-2.964049
-0.578178
-4.743805
-3.937834
-2.733461
0.517710
-2.531219
0.550653
0.581624
-0.170403
-3.809432
-2.417459
-4.313888
-1.440116
0.263456
-2.296373
8.407400
2.459371
-6.400756
1.051315
1.790287
-1.570941
-0.912769
-4.080097
4.009174
0.629146
9.000118
-0.621911
5.399061
-1.384067
2.340005
-2.243023
5.925948
1.191921
0.643892
4.274864
9.455836
4.626808
2.273780
-3.183349
9.297723
1.624695
-3.247532
-1.912862
-3.658588
-5.759118
-0.501447
-0.919474
-3.941503
-3.692330
2.940441
-6.422286
4.541385
-0.370643
-0.828671
4.085299
2.615273
-1.853756
-5.425184
3.564188
1.311159
2.458132
-0.342896
1.457075
0.346046
2.350019
-0.446010
-1.995237
6.673934
-1.286294
-0.526122
-2.157450
4.281821
4.321794
1.237764
-1.843863
1.348709
0.574680
-1.224048
-3.228477
-0.221403
-1.528732
0.648540
7.323512
-4.324117
-1.879845
0.156426
-2.754201
-0.948630
-1.830557
-1.916586
-6.549914
0.869258
-2.658872
1.944201
3.641172
-8.529154
-3.155483
3.945088
3.913060
3.297032
-6.237195
6.793977
-6.065052
0.461919
-4.277009
4.010863
-2.562965
-3.199093
3.306779
1.039751
-1.411977
-4.394506
5.050666
-6.725962
-6.701790
-0.324418
-5.275046
-2.392175
1.715496
-2.686131
-1.914360
2.287414
-3.930016
-2.067245
0.627328
-0.588701
-3.259828
-0.449758
5.117216
1.141187
-1.282341
-5.448869
-3.016098
1.586075
-4.891355
-4.447282
-3.525811
3.785961
2.988934
2.457905
1.757877
3.028849
-7.815879
5.303792
-2.406736
-1.821764
2.756708
-0.606320
-4.930148
-0.988378
-0.356404
6.406567
-1.029462
-0.717489
-7.828218
-0.350546
0.802425
-5.158202
2.392369
-1.195558
4.663313
-1.478814
0.875257
-2.237072
0.662201
-7.348228
-4.495155
-3.315084
-8.839412
1.380059
-2.702668
2.203004
-3.980226
-3.747553
0.437919
0.700891
5.979861
3.377834
6.743806
2.047778
0.402750
0.515721
-1.244607
-0.554336
2.307636
8.508608
3.315580
1.209553
0.472525
-1.347605
1.704469
2.047440
2.395411
6.859384
-2.423845
0.746327
1.801298
-2.494929
-3.413558
-0.138785
-0.185814
3.225158
0.829130
1.165101
6.394073
-1.707855
-1.210982
-3.641511
1.648961
1.154932
-5.863096
1.667876
-2.888053
-1.266380
2.472791
-0.142237
0.939735
2.808707
4.494678
-0.546350
1.771623
0.853594
-1.294034
-3.010162
2.293509
5.402482
-2.343946
2.407425
-0.281603
8.039368
0.094341
-5.915588
-0.048716
0.838256
-4.885672
-2.646500
1.111171
3.117144
-2.820186
-5.167012
6.590058
-7.158869
2.725002
4.211973
12.493947
0.151917
0.398890
0.431861
-7.201867
0.525805
-0.780224
-0.064251
-0.882280
-2.024107
-1.929337
2.772635
6.167607
7.908580
-5.238049
-4.729877
-3.610805
-0.090533
-0.025561
4.536410
2.816382
-1.371646
-1.662374
-0.215702
-2.777130
-0.508759
-2.081687
3.230185
-0.628843
-5.287571
-1.217900
1.855073
4.482043
-4.400484
0.917988
0.799960
-0.064069
-4.773098
2.181875
0.131846
2.733819
2.395790
4.842764
-7.950566
3.457706
2.612678
4.136649
-1.616478
-1.967407
-0.316434
1.180536
5.004509
2.188480
-4.293148
0.253425
-1.710403
5.648369
-3.037460
-3.965189
-5.747817
0.758255
-0.382773
-2.811401
4.131170
1.807143
1.832114
2.632086
-7.973642
1.306029
-7.816498
-2.879928
0.494946
-7.229784
4.986889
1.721860
-2.891367
-2.283795
-3.022525
-2.657452
7.060719
-1.151308
4.138663
1.213635
7.336607
3.714579
-2.559850
0.466521
-0.213506
2.696465
4.478438
3.501410
0.353381
-3.778847
1.940326
3.316298
3.186268
-1.675060
-0.017788
2.030184
-5.992444
1.889128
2.516100
5.162071
-7.201557
3.070016
-7.158913
-5.534741
-2.775470
-2.329497
-2.873126
-2.273655
1.535818
3.297790
0.713762
0.855733
-6.991195
-2.296423
-2.854752
-4.588979
-4.978908
0.291565
-1.398164
3.766509
3.555480
4.926451
0.176423
1.846395
-2.470933
1.472339
0.028311
1.237282
0.374254
0.638227
-2.661102
-0.238830
-2.016859
-5.267287
-2.360415
4.482057
-0.345971
1.174001
4.156973
3.681945
-3.263985
3.357887
1.524859
-4.575969
-5.368997
-2.794325
3.999747
8.145719
-1.321309
2.964662
0.632635
0.639606
0.629577
5.096549
-2.103279
-2.106107
-2.036935
-1.809362
-0.376592
-3.524119
5.943352
0.468324
0.877296
1.383267
-2.505960
-3.682289
0.731183
-6.212845
1.528127
-1.442001
-0.192929
-3.304458
2.038013
2.613986
-1.989243
6.731930
1.314901
-4.076527
-0.986155
-3.070283
5.668788
-8.029739
-4.796268
6.329703
3.669676
4.235647
6.405620
-0.196409
-9.632636
-4.566565
-2.396193
3.375479
1.651450
-2.625978
1.962394
1.673367
2.065337
4.868311
-2.048819
0.251253
-4.905375
1.725196
5.246169
0.139140
7.003114
-0.812916
0.416056
6.107027
3.474000
-0.848028
0.905943
-2.325984
-4.943713
-2.985242
0.358830
2.665802
1.626775
-6.017254
-2.971883
6.774690
7.111662
-3.578167
2.297605
1.672577
4.196548
0.915520
0.358493
0.847464
-12.591363
0.840407
-0.652620
-0.607649
3.724322
-5.289404
6.085266
-4.586161
-0.296790
3.570183
3.689154
-3.418274
-1.772102
3.443069
2.915042
1.674013
-0.680015
0.353957
-4.430471
-0.272099
-8.610627
6.143844
-0.384185
-3.526813
4.868759
-2.325169
-4.427297
2.568675
1.258647
0.968619
-6.830010
3.811563
-1.461466
-1.211494
5.305478
1.958449
-0.621578
-1.727707
0.693366
-0.278664
1.386310
4.900280
-5.123948
3.477224
5.341195
1.349168
2.023139
1.066113
-6.752417
3.997055
-2.232873
-6.961402
2.004971
1.915942
4.131915
-0.375114
4.471857
-3.962970
-5.181798
-5.239427
-1.007255
0.609717
-4.923712
-0.480340
2.945632
-1.968296
4.901576
-0.659452
-0.804480
2.045492
-1.877737
7.900434
-0.389593
-1.646522
1.333350
-0.535678
5.359295
-4.534735
0.116239
3.514210
-3.461818
0.516153
3.576124
1.793097
0.337069
0.278041
1.593012
-0.182015
2.385956
6.090927
-2.934800
-3.690429
-1.682957
5.989814
-7.361113
6.878758
2.120730
-0.139297
-1.100326
8.183646
6.266617
-4.671410
-1.712739
-0.997467
-2.665995
7.984476
-1.677752
4.416421
11.598392
-6.050635
3.091335
-2.560693
-2.285521
3.614251
-4.150977
3.995194
-3.450832
5.700138
-4.157389
1.795082
-3.266346
4.286026
-0.455003
0.774970
1.924941
4.031914
0.456884
-3.431942
-1.041171
-9.044000
-0.043227
-6.882856
-1.973984
-1.666312
0.976661
0.710631
-5.618397
3.535575
-3.995753
3.851519
-0.412510
2.187463
-4.741766
-5.175394
5.104379
5.401349
1.590322
6.609294
-1.141735
-4.146663
3.058208
0.637180
-0.101848
8.135124
2.203096
2.857067
-3.912460
0.717011
6.412985
3.831955
5.153928
2.270899
-5.901930
3.050842
-1.891887
-0.338213
-0.758243
2.091730
-1.890399
4.004672
-0.882355
-4.034084
-3.042110
3.385560
5.191531
0.818504
-0.526524
1.492448
2.416420
-8.340708
-3.078637
-3.582565
-3.006494
0.492279
-6.192649
-3.137177
5.273195
0.726167
-3.656962
1.109109
6.598081
-8.672747
1.593025
0.847997
6.197968
2.201940
4.354913
2.940884
2.244857
-3.160172
2.683800
0.914772
-0.123258
9.611715
1.794686
-1.568340
3.722631
1.355602
-2.729526
-2.410854
0.189518
1.168489
3.976462
0.827433
3.148405
-0.122623
3.998349
1.813321
-2.171907
2.208264
-0.852764
0.776208
3.638180
0.422152
2.713123
3.834095
-4.119033
3.794039
1.267010
-6.226218
-9.139746
6.528927
4.760899
7.513870
0.725842
-1.844088
-3.710215
3.136757
0.645730
-0.547299
-2.208629
-0.911356
2.094615
2.058588
3.036559
2.075532
-8.862397
3.537475
-3.321153
-7.552282
3.974391
-2.929738
-5.018665
1.386306
-1.799023
-1.165751
-0.254779
4.887193
5.089165
7.396138
2.200109
-2.975920
1.994052
-5.456076
2.913996
0.645968
5.153940
-0.083088
-2.843817
1.624855
0.262827
-1.592201
0.286771
-1.120258
5.256715
1.398685
-0.722342
5.592630
-0.502398
2.552573
-0.606456
-3.177282
-8.621712
0.431461
0.536432
3.752405
0.079376
-0.830653
-0.374681
3.146291
0.847263
-3.509965
-4.520193
-0.967821
1.033151
-0.666878
1.124094
4.354067
-0.683963
3.297009
2.305982
-4.714947
-4.396975
-4.447703
2.880869
6.113841
3.892812
-1.137217
1.980756
-0.949272
6.444700
5.296671
1.362643
-0.706386
0.478587
-2.339541
-0.495469
-5.932598
-0.296526
3.353446
1.180417
-5.420810
-0.055639
3.074334
5.542305
-0.269722
0.080249
2.623219
4.638193
-5.458936
-1.064863
-4.827093
-0.665920
-2.557549
-4.744877
0.401996
-7.421933
0.784939
3.387910
-6.075718
-1.293146
-2.125274
-4.424002
-0.791230
4.869741
-2.964286
6.392684
-4.059243
3.563628
2.573601
5.379573
-4.496956
-0.182484
-5.494913
-8.532539
-0.626569
-0.253596
-0.278625
6.379347
6.469318
-0.068710
-7.902637
-1.104766
-6.803193
2.693177
1.039149
-10.317478
2.387093
-1.024935
3.968037
1.906010
6.354980
-0.989048
-2.092376
-3.059404
-5.607132
3.245839
1.424812
2.784783
-0.341245
0.686727
5.645700
-5.742529
3.557643
2.695615
8.466586
7.921558
4.921530
7.333502
-2.625927
2.784445
2.389417
-0.055611
1.704360
-1.110667
-3.639996
1.483276
-2.316552
6.073219
1.844192
-0.628838
2.582135
3.452106
-3.907920
0.325050
-0.942978
4.560995
-0.649035
0.050939
-1.845091
1.446882
-1.018147
5.707826
8.692798
2.485769
4.337741
5.407711
-1.418315
0.926656
-0.550372
-3.500300
0.674572
-0.558456
-5.055385
3.148486
-4.708441
-3.605869
2.303402
-5.312326
3.315346
-1.247682
6.790289
2.696262
-3.750367
1.875206
-0.225823
1.203149
-1.362880
-1.492908
1.809065
-0.092964
-3.345892
-4.440721
-1.673048
0.505923
-5.069306
0.793867
-3.551462
-1.706189
3.339782
-0.811245
-10.296974
-2.465202
2.611670
-0.872358
-7.279486
1.868585
-0.138443
3.563528
-1.467500
3.206472
-1.246555
-1.292583
0.795388
0.040359
0.633331
-4.716297
4.827274
5.943247
0.339219
-0.848809
6.050162
4.064135
-4.082894
-0.838922
1.549049
3.734021
-6.197806
-5.418136
-3.549562
1.353909
-1.210119
-4.685848
3.952825
3.653796
-1.342233
4.592739
0.813711
0.409684
-2.481646
2.254626
-0.372401
-3.761330
1.613543
5.048513
-2.084913
1.061458
-5.258770
3.666401
-1.552627
2.228345
0.261317
5.576288
0.399261
-3.695868
-5.108396
0.759176
-1.430852
7.446120
-3.675408
5.133063
-2.033465
0.190007
5.910978
2.872951
0.581923
-5.239206
-3.118434
2.363837
-1.669189
-5.880819
1.514754
-2.357375
1.234697
1.628669
6.993639
3.369613
-0.459416
1.066557
1.014527
-6.344000
-0.789529
-2.685356
-0.822585
0.481386
-0.548641
2.522330
3.440302
0.372274
1.623246
6.303218
0.676190
8.116162
2.632133
6.885105
-3.101123
0.684049
5.055021
5.680992
-3.858736
-4.237063
3.921907
0.950880
3.099852
1.371823
-4.553305
0.869766
1.202739
4.828711
6.388682
3.434654
-1.340373
-3.011502
2.545568
-1.821459
-5.714687
0.329486
0.097457
1.236429
5.098401
0.838372
-3.842356
3.397316
-5.986912
-1.283741
2.416232
-8.783197
1.582175
3.330147
3.541119
2.570090
-7.455837
-0.303967
-4.747294
5.094977
-0.030050
6.399922
-1.550107
-3.143535
2.227837
-3.460891
-3.256619
-2.625947
0.638724
-0.965304
4.071669
4.551639
-0.223388
2.118583
2.213555
-4.050573
1.266500
-0.519529
4.861441
-5.530786
2.179385
-3.182542
6.348330
2.222302
-6.199627
4.487246
-1.243783
-1.469811
4.762161
-0.174868
3.660104
2.548076
-4.279852
1.103020
-3.218609
-4.995136
10.664935
-2.070093
-4.647821
8.124851
-6.079678
0.204794
2.272766
0.903738
-3.807791
-7.319018
3.427653
-3.049074
0.342597
1.883569
5.411540
2.747512
-3.114216
0.504456
-1.778571
2.514400
-2.600628
-0.641657
4.511313
2.933288
1.152258
5.059231
-4.660598
2.735174
-9.219054
-5.523082
3.470090
4.147060
3.164034
4.632004
-2.945924
1.221949
-0.247080
-0.473107
-3.485536
-0.154163
2.157808
3.052779
1.787751
1.142723
-4.733605
-0.826333
1.155639
-4.878789
3.818582
-5.775845
2.930526
-1.066503
-4.787631
3.358440
-6.827187
3.208385
-1.877643
-4.463772
1.313301
-1.970728
-1.953756
1.619216
-3.150713
-5.726040
2.267131
-5.842196
-4.214625
1.642047
1.952019
4.274990
3.896963
-3.377666
-2.271394
-4.721822
-9.672650
2.544822
-6.690207
-1.208235
-3.242463
4.068709
-1.339320
2.159652
-0.673376
2.485596
1.198568
1.342540
-7.538989
-0.031516
0.365455
0.585427
0.568398
-6.106730
4.668342
-4.700887
2.052286
-0.541742
-1.111770
-8.417099
-5.735926
0.905145
-2.048884
-9.154612
3.570060
-0.302967
-4.603796
5.207977
-3.679452
3.490920
-3.769508
1.590863
-1.462165
-1.254193
0.636780
-2.118250
7.097723
0.952694
0.251666
1.696638
-0.930390
5.982581
1.293553
6.997525
1.558496
-3.608731
0.641440
1.569412
-2.595217
12.188357
-0.687673
-1.718699
5.659271
-4.153657
-1.745785
1.436186
4.862160
0.860130
3.821102
-8.027327
1.912046
-1.593982
0.869988
-7.108938
3.532932
1.762906
-5.366823
6.866849
-3.025680
-0.738208
3.358765
3.048736
0.614708
1.874680
-0.658349
-4.621577
-2.144405
-4.503933
5.728539
0.559511
7.259482
1.380454
1.292426
3.255398
3.877369
-2.588458
-0.021687
-3.628015
-1.529743
1.023230
4.929200
0.844172
0.005144
3.670116
2.906088
-2.278941
-2.129968
0.529003
1.779976
-0.666053
2.830918
0.395890
0.777862
1.338835
1.241805
-2.553122
7.101748
7.472722
1.030693
-0.763335
-1.698363
-2.251391
-0.179419
2.560552
0.454524
0.967496
6.094467
-4.036261
9.028412
-1.791616
1.819356
5.223327
-3.107302
-2.492929
-1.448757
-2.347186
-6.832914
-3.779841
1.805129
4.143102
0.888073
-2.940155
0.208017
3.453988
0.203960
2.022932
-0.185095
1.485876
7.240849
-0.467180
0.421790
-1.326237
-5.735566
3.912707
-0.607322
-2.458649
-11.397738
0.480594
3.177567
-4.017862
-1.246490
6.430480
5.120453
-2.578675
4.766397
1.165369
0.449341
-3.643687
5.264285
-0.328744
3.721228
-2.430501
3.879171
8.181143
-5.859585
-7.293013
0.570058
-7.041369
3.052002
1.381975
2.001945
4.341918
-2.900311
-3.189839
0.054833
-2.236196
-0.028222
2.106749
2.998721
-4.807908
-2.213337
-3.626964
-0.247393
-4.426520
-6.906149
-3.130376
-2.082505
-4.468733
2.731439
-6.270990
7.564384
-1.890646
5.740327
0.899298
-1.388730
1.024241
-2.532187
5.811186
-7.865143
1.645128
8.708100
0.528072
5.903045
-1.371984
2.870988
-2.386040
-6.580969
-0.276096
2.556875
4.893847
-1.533181
-3.478509
-2.586038
-2.193267
-4.069493
11.881677
7.526649
1.407621
-4.721406
-2.537735
2.198536
4.449510
-1.228520
-1.453547
4.852425
4.190395
-5.295332
-3.196660
0.359312
4.147283
-0.568745
1.786226
-2.942302
-5.692329
-4.274858
-1.814886
1.112086
1.172058
-5.027670
2.752001
2.879973
-6.476555
4.988916
-9.823111
0.722860
-4.101367
3.020803
4.448776
6.913747
3.451719
-0.748308
-1.720337
1.527636
-2.374393
-4.001121
0.024550
-0.226477
0.622494
0.841465
-2.882463
1.690409
-3.276618
-0.461647
2.110326
-1.633703
2.540269
-2.268760
-3.267887
-0.910815
-4.132545
-4.112072
-1.969901
8.993071
-0.039957
-2.351985
-1.653013
-3.774441
2.304931
-3.784698
5.415874
12.668845
4.416818
1.991790
-2.406239
-1.762266
-4.944194
9.249676
4.644649
-1.074380
-1.573408
11.209564
1.405536
-0.605492
6.553479
-0.889548
5.218423
-2.129604
1.716367
-0.751662
3.504312
-1.114718
3.498255
-0.780774
7.072198
6.033169
1.346142
1.744113
-3.828415
-3.215843
1.956028
-4.005099
2.264972
9.675944
-6.510284
-1.922112
-1.713140
-1.066168
3.314804
2.330774
-2.493254
-4.585981
-5.541409
1.628662
-3.996965
1.278605
-3.440722
3.451550
-1.182478
0.507493
-3.169435
3.691438
6.086409
0.875381
-2.003648
-2.014675
-5.827904
1.983269
5.876240
-7.172889
6.904184
3.309155
-0.522873
2.931098
3.770071
0.627042
2.161015
2.856986
-3.589043
5.089931
-4.243099
7.666872
5.233845
-1.531183
0.468789
-0.922239
-1.559267
0.212705
4.422675
5.609647
4.097619
-3.918408
4.346564
2.491535
2.660507
3.201478
-6.112449
1.714422
1.656394
2.573366
-7.584962
3.132310
3.931281
1.623254
-2.126776
-2.866702
2.744168
-4.306858
-0.701887
-7.710017
-2.929044
3.037027
2.172000
-9.316229
-4.062656
-4.504585
-1.238113
-0.686141
-6.896570
2.292803
0.286774
6.234746
3.322718
1.965690
8.029662
1.252633
2.735605
